Scan:     24      FBS0150+396 2015-10-21 +02 44 51.0
          RADIO                  Ta*   
        km/s-BAR                 XX
    -523.7499680533530864      0.0087798
    -522.5422914909295287      0.0029743
    -521.3346149285058573     -0.0063136
    -520.1269383660157928     -0.0077394
    -518.9192618035257283      0.0069023
    -517.7115852411686774     -0.0008112
    -516.5039086786786129     -0.0038708
    -515.2962321161884347     -0.0145165
    -514.0885555537648770     -0.0090231
    -512.8808789913413193     -0.0037266
    -511.6732024288511411     -0.0008699
    -510.4655258663609629     -0.0026528
    -509.2578493039374621     -0.0004557
    -508.0501727415138475     -0.0005020
    -506.8424961790237830     -0.0018388
    -505.6348196166001685      0.0049111
    -504.4271430541100472     -0.0036931
    -503.2194664916864895     -0.0000304
    -502.0117899292629318     -0.0121707
    -500.8041133667727536     -0.0133182
    -499.5964368043492527     -0.0027845
    -498.3887602419256382      0.0016862
    -497.1810836794355168     -0.0047895
    -495.9734071169453955     -0.0017344
    -494.7657305545218378     -0.0040522
    -493.5580539920982801     -0.0090136
    -492.3503774296081588     -0.0068149
    -491.1427008671180374     -0.0048327
    -489.9350243047610434     -0.0004617
    -488.7273477422708652     -0.0012805
    -487.5196711797807438      0.0010769
    -486.3119946173571293     -0.0015967
    -485.1043180549336284     -0.0092908
    -483.8966414924434503      0.0049408
    -482.6889649300199494      0.0036731
    -481.4812883675297712      0.0014486
    -480.2736118051062135     -0.0006834
    -479.0659352426826558      0.0014605
    -477.8582586801925345     -0.0038473
    -476.6505821177689199     -0.0079426
    -475.4429055552787986     -0.0095062
    -474.2352289928552409     -0.0047592
    -473.0275524303651196      0.0071001
    -471.8198758679415050      0.0033299
    -470.6121993055180042     -0.0013700
    -469.4045227430278260      0.0019708
    -468.1968461805377046      0.0009014
    -466.9891696181807106     -0.0019328
    -465.7814930556905892      0.0030250
    -464.5738164932004111      0.0026514
    -463.3661399307769102      0.0053932
    -462.1584633683532957      0.0032627
    -460.9507868058631743      0.0017581
    -459.7431102433731098     -0.0061017
    -458.5354336809494953     -0.0055561
    -457.3277571185259376      0.0000411
    -456.1200805560358162     -0.0006565
    -454.9124039936122017      0.0107798
    -453.7047274311887008      0.0037104
    -452.4970508686985227     -0.0022032
    -451.2893743062749650     -0.0024752
    -450.0816977437847868      0.0045909
    -448.8740211813612859      0.0038025
    -447.6663446189376714      0.0062512
    -446.4586680564476069     -0.0040700
    -445.2509914939574855     -0.0020490
    -444.0433149316004915      0.0030411
    -442.8356383691103133     -0.0007660
    -441.6279618066201920     -0.0001426
    -440.4202852441965774     -0.0012219
    -439.2126086817730766      0.0019358
    -438.0049321192828984     -0.0068428
    -436.7972555567927770     -0.0087272
    -435.5895789943692193      0.0002125
    -434.3819024319456616      0.0120492
    -433.1742258694555403      0.0059895
    -431.9665493070319826      0.0053647
    -430.7588727446083681      0.0018676
    -429.5511961821182467     -0.0085744
    -428.3435196196946890     -0.0002500
    -427.1358430572045677      0.0028351
    -425.9281664947809531     -0.0016164
    -424.7204899322908886      0.0051247
    -423.5128133698672741      0.0030650
    -422.3051368073771528     -0.0033564
    -421.0974602449535951      0.0114612
    -419.8897836825300374      0.0094899
    -418.6821071200399160      0.0096329
    -417.4744305576163583     -0.0034639
    -416.2667539951927438      0.0052002
    -415.0590774327026224      0.0051851
    -413.8514008702125011     -0.0089962
    -412.6437243077889434     -0.0029830
    -411.4360477453653857      0.0069874
    -410.2283711828752644      0.0181949
    -409.0206946203851430      0.0107843
    -407.8130180579615285      0.0001711
    -406.6053414955379708      0.0040215
    -405.3976649330478494      0.0049802
    -404.1899883706242349      0.0027330
    -402.9823118082007340     -0.0045652
    -401.7746352457106127     -0.0019690
    -400.5669586832869982      0.0048954
    -399.3592821207969337      0.0056812
    -398.1516055583733191     -0.0092654
    -396.9439289959497614      0.0007392
    -395.7362524334596401      0.0025688
    -394.5285758709695187      0.0007432
    -393.3208993086125247     -0.0074487
    -392.1132227461223465      0.0003199
    -390.9055461836322252     -0.0032709
    -389.6978696212086106     -0.0014418
    -388.4901930587851098     -0.0020392
    -387.2825164962949884     -0.0006673
    -386.0748399338048102     -0.0066939
    -384.8671633713813094     -0.0026055
    -383.6594868089576948     -0.0062446
    -382.4518102464675735     -0.0017372
    -381.2441336840440158      0.0027501
    -380.0364571216204013      0.0076699
    -378.8287805591302799      0.0018644
    -377.6211039967067222      0.0016705
    -376.4134274342166009     -0.0020661
    -375.2057508717930432      0.0049955
    -373.9980743093029218      0.0080339
    -372.7903977468793641     -0.0028144
    -371.5827211843891860     -0.0036307
    -370.3750446219656851      0.0077606
    -369.1673680595420706     -0.0037892
    -367.9596914970519492      0.0030936
    -366.7520149346283915     -0.0068820
    -365.5443383722047770     -0.0021166
    -364.3366618097147125      0.0018201
    -363.1289852472245911      0.0062302
    -361.9213086848009766      0.0035312
    -360.7136321223774189      0.0072438
    -359.5059555598872976     -0.0008137
    -358.2982789974637399     -0.0038830
    -357.0906024350401822     -0.0057510
    -355.8829258725500608     -0.0106317
    -354.6752493100598826     -0.0040251
    -353.4675727476363818     -0.0061642
    -352.2598961852127673      0.0044926
    -351.0522196227226459     -0.0002474
    -349.8445430602990882      0.0058863
    -348.6368664978089669      0.0134846
    -347.4291899353853523     -0.0020979
    -346.2215133729617946     -0.0029581
    -345.0138368104716733     -0.0047519
    -343.8061602480480587     -0.0077934
    -342.5984836856245579     -0.0071584
    -341.3908071231344366      0.0000494
    -340.1831305606442584      0.0016287
    -338.9754539982207575     -0.0011417
    -337.7677774357971430     -0.0047750
    -336.5601008733070216     -0.0032140
    -335.3524243108168434     -0.0040641
    -334.1447477484598494     -0.0084295
    -332.9370711859697280     -0.0026107
    -331.7293946234796067     -0.0018998
    -330.5217180610560490      0.0067770
    -329.3140414986324345      0.0071726
    -328.1063649361423700      0.0093982
    -326.8986883737188123      0.0037557
    -325.6910118112286341     -0.0154019
    -324.4833352488051332     -0.0039719
    -323.2756586863815187     -0.0035349
    -322.0679821238913974     -0.0033891
    -320.8603055614678397      0.0056909
    -319.6526289989777183      0.0002221
    -318.4449524365541038      0.0021544
    -317.2372758740640393     -0.0016906
    -316.0295993116404247     -0.0087917
    -314.8219227492168670     -0.0099737
    -313.6142461867267457     -0.0009552
    -312.4065696242366243      0.0084755
    -311.1988930618796303     -0.0014618
    -309.9912164993895090      0.0113640
    -308.7835399368993308      0.0071092
    -307.5758633744757731      0.0146202
    -306.3681868120522154      0.0037760
    -305.1605102495620940     -0.0067725
    -303.9528336870719158     -0.0112457
    -302.7451571246484150     -0.0057406
    -301.5374805622248005      0.0027020
    -300.3298039997346791     -0.0007304
    -299.1221274373111214      0.0112026
    -297.9144508748210001      0.0050099
    -296.7067743123973855     -0.0028112
    -295.4990977499738847     -0.0002363
    -294.2914211874837065     -0.0024635
    -293.0837446250602056      0.0018333
    -291.8760680626365911     -0.0040023
    -290.6683915001464698     -0.0005811
    -289.4607149376562916     -0.0041927
    -288.2530383752327907      0.0045044
    -287.0453618128091762     -0.0059004
    -285.8376852503190548     -0.0067567
    -284.6300086878289335      0.0019036
    -283.4223321254719394      0.0066643
    -282.2146555629817612      0.0067974
    -281.0069790004916968     -0.0020654
    -279.7993024380680822     -0.0015760
    -278.5916258756445814      0.0027889
    -277.3839493131544032     -0.0083796
    -276.1762727507308455      0.0058488
    -274.9685961882406673     -0.0026004
    -273.7609196258171664      0.0079176
    -272.5532430633935519     -0.0001618
    -271.3455665009034306     -0.0019229
    -270.1378899384798729      0.0027250
    -268.9302133759897515     -0.0045718
    -267.7225368135661938      0.0012896
    -266.5148602510760725     -0.0039813
    -265.3071836886524579     -0.0002374
    -264.0995071262289571     -0.0064402
    -262.8918305637387789     -0.0028627
    -261.6841540012486576     -0.0070639
    -260.4764774388916635      0.0012920
    -259.2688008764014853     -0.0028031
    -258.0611243139114208     -0.0077205
    -256.8534477514878631     -0.0055097
    -255.6457711890642486     -0.0023125
    -254.4380946265741272      0.0039668
    -253.2304180640839775     -0.0023027
    -252.0227415016604482     -0.0117848
    -250.8150649392368905      0.0006790
    -249.6073883767467407     -0.0086617
    -248.3997118143231830     -0.0036717
    -247.1920352518995969      0.0060181
    -245.9843586894094756      0.0035785
    -244.7766821269858895      0.0005498
    -243.5690055644957681     -0.0005722
    -242.3613290020722104      0.0015464
    -241.1536524396486243      0.0032918
    -239.9459758771585314     -0.0030651
    -238.7382993146683816     -0.0079697
    -237.5306227523113876     -0.0047343
    -236.3229461898212378     -0.0174247
    -235.1152696273311165      0.0099600
    -233.9075930649075588      0.0094055
    -232.6999165024839726      0.0009137
    -231.4922399399938513     -0.0055854
    -230.2845633775037015     -0.0079408
    -229.0768868150801438     -0.0011860
    -227.8692102526566146      0.0053551
    -226.6615336901664648     -0.0020767
    -225.4538571277429071      0.0035973
    -224.2461805653193210      0.0048864
    -223.0385040028291996     -0.0054350
    -221.8308274404056135     -0.0166321
    -220.6231508779154922      0.0022126
    -219.4154743154919345      0.0092496
    -218.2077977530017847      0.0008293
    -217.0001211905782270     -0.0094899
    -215.7924446280881057     -0.0033717
    -214.5847680656645480     -0.0060499
    -213.3770915032409903     -0.0026864
    -212.1694149407508405     -0.0025128
    -210.9617383783272828     -0.0066890
    -209.7540618159036967     -0.0036535
    -208.5463852534135754     -0.0058301
    -207.3387086909234256     -0.0024954
    -206.1310321284998679     -0.0058123
    -204.9233555660763102      0.0009274
    -203.7156790035861889      0.0001505
    -202.5080024410960391     -0.0006257
    -201.3003258786724814      0.0005469
    -200.0926493162489237      0.0043098
    -198.8849727537587739      0.0119964
    -197.6772961913352162     -0.0018844
    -196.4696196289116585     -0.0008438
    -195.2619430664215088      0.0095056
    -194.0542665039979511     -0.0017852
    -192.8465899415078297     -0.0094850
    -191.6389133790842720      0.0014808
    -190.4312368166607143      0.0032564
    -189.2235602541705646      0.0067308
    -188.0158836916804148      0.0133500
    -186.8082071293234208      0.0166516
    -185.6005305668332994      0.0075097
    -184.3928540043431497     -0.0029490
    -183.1851774419195920      0.0051616
    -181.9775008794960343      0.0121446
    -180.7698243170059129      0.0177284
    -179.5621477545157632      0.0055469
    -178.3544711920922055      0.0030902
    -177.1467946296686478      0.0125156
    -175.9391180671784980      0.0116583
    -174.7314415047549403      0.0104531
    -173.5237649423313826      0.0222408
    -172.3160883798412328      0.0311578
    -171.1084118174176751      0.0251624
    -169.9007352549275254      0.0246228
    -168.6930586925039961      0.0280241
    -167.4853821300138463      0.0228906
    -166.2777055675902886      0.0272541
    -165.0700290051001389      0.0224270
    -163.8623524426765812      0.0216464
    -162.6546758802530235      0.0207820
    -161.4469993177628737      0.0251765
    -160.2393227553393160      0.0309042
    -159.0316461929157583      0.0240465
    -157.8239696304256086      0.0203399
    -156.6162930679354872      0.0173282
    -155.4086165055119295      0.0216949
    -154.2009399430883718      0.0142975
    -152.9932633805982221      0.0115611
    -151.7855868181746644      0.0118569
    -150.5779102557511067      0.0104813
    -149.3702336932609569      0.0086966
    -148.1625571307708356      0.0008330
    -146.9548805683472494      0.0050831
    -145.7472040059236917     -0.0072289
    -144.5395274434335704      0.0003615
    -143.3318508810100127      0.0103453
    -142.1241743185198629     -0.0061077
    -140.9164977560963052     -0.0050432
    -139.7088211936727475      0.0004184
    -138.5011446311825978     -0.0005866
    -137.2934680687590401      0.0031729
    -136.0857915063354824     -0.0058033
    -134.8781149438453326      0.0013221
    -133.6704383813552397      0.0014505
    -132.4627618189316536     -0.0027644
    -131.2550852565080959      0.0077458
    -130.0474086940179461      0.0038031
    -128.8397321315277964      0.0060520
    -127.6320555691708165      0.0074638
    -126.4243790066806810      0.0106128
    -125.2167024441905454     -0.0015735
    -124.0090258817669877      0.0055545
    -122.8013493193434300      0.0060800
    -121.5936727568532945      0.0108934
    -120.3859961944297226      0.0089435
    -119.1783196319395870      0.0146978
    -117.9706430695160293      0.0189224
    -116.7629665070924716      0.0080748
    -115.5552899446023360      0.0069758
    -114.3476133821787641      0.0099953
    -113.1399368196886286      0.0164821
    -111.9322602572650709      0.0214421
    -110.7245836947749353      0.0102025
    -109.5169071323513634      0.0197570
    -108.3092305699278057      0.0210006
    -107.1015540074376702      0.0114095
    -105.8938774449475488      0.0188116
    -104.6862008825239769      0.0142852
    -103.4785243201004050      0.0225032
    -102.2708477576102695      0.0189566
    -101.0631711951866976      0.0314899
     -99.8554946327631541      0.0211903
     -98.6478180702730185      0.0207921
     -97.4401415077828830      0.0228668
     -96.2324649453593111      0.0343495
     -95.0247883829357392      0.0183980
     -93.8171118204456178      0.0292022
     -92.6094352580220601      0.0278186
     -91.4017586955319103      0.0283708
     -90.1940821331083527      0.0374281
     -88.9864055706847807      0.0372039
     -87.7787290081946594      0.0462646
     -86.5710524457710875      0.0433376
     -85.3633758833475298      0.0564307
     -84.1556993208573942      0.0534233
     -82.9480227583672729      0.0520845
     -81.7403461959437010      0.0732785
     -80.5326696335201291      0.0686115
     -79.3249930710299935      0.0765225
     -78.1173165085398580      0.0909062
     -76.9096399461828639      0.0984820
     -75.7019633836927426      0.1006537
     -74.4942868212026070      0.1232940
     -73.2866102587790351      0.1385128
     -72.0789336963554632      0.1554471
     -70.8712571338653419      0.1760486
     -69.6635805714417842      0.1981545
     -68.4559040089516486      0.2236175
     -67.2482274465280767      0.2559066
     -66.0405508841045048      0.2742885
     -64.8328743216143835      0.2990763
     -63.6251977591908116      0.3383446
     -62.4175211967006831      0.3709277
     -61.2098446342771112      0.4186864
     -60.0021680717869828      0.4632595
     -58.7944915093634179      0.5108373
     -57.5868149469398531      0.5517505
     -56.3791383844497176      0.5630163
     -55.1714618219595891      0.5992469
     -53.9637852596025880      0.6292422
     -52.7561086971124595      0.6717497
     -51.5484321346223240      0.7093680
     -50.3407555721987592      0.7559096
     -49.1330790097751944      0.8214945
     -47.9254024472850659      0.9090354
     -46.7177258847949304      1.0100772
     -45.5100493223713656      1.0985690
     -44.3023727599478008      1.1862178
     -43.0946961974576723      1.2797430
     -41.8870196350341004      1.3694233
     -40.6793430726105356      1.4615552
     -39.4716665101204072      1.5533168
     -38.2639899476968424      1.6650306
     -37.0563133852067068      1.7724556
     -35.8486368227831420      1.9076453
     -34.6409602603595772      2.0421834
     -33.4332836978694488      2.1566329
     -32.2256071353793132      2.2462063
     -31.0179305730223120      2.3515849
     -29.8102540105321800      2.4567928
     -28.6025774480420480      2.5000498
     -27.3949008856184797      2.3984752
     -26.1872243231949184      2.2906497
     -24.9795477607047829      2.2222209
     -23.7718711982146509      2.1325579
     -22.5641946357910861      2.0249786
     -21.3565180733675213      1.9362187
     -20.1488415108773893      1.8716180
     -18.9411649484538245      1.8186414
     -17.7334883860302597      1.8172667
     -16.5258118235401277      1.8560348
     -15.3181352611165611      1.9087991
     -14.1104586986264291      1.9980786
     -12.9027821362028625      2.1543419
     -11.6951055737127323      2.3662772
     -10.4874290112891657      2.6701088
      -9.2797524487990319      3.0779438
      -8.0720758863754689      3.7182939
      -6.8643993239519023      4.8018942
      -5.6567227614617703      6.7170448
      -4.4490461990382046      8.7221718
      -3.2413696366146394      8.5875196
      -2.0336930741245069      7.6045542
      -0.8260165116343746      7.4966297
       0.3816600507559070      8.2333517
       1.5893366132460394      9.2391987
       2.7970131757028884      8.8715305
       4.0046897381597377      7.7506433
       5.2123663005833025      6.6904483
       6.4200428630401509      5.6343403
       7.6277194255302838      4.6501899
       8.8353959879205650      3.7570701
      10.0430725504106970      2.9608827
      11.2507491128675472      2.3432667
      12.4584256752911120      1.8384120
      13.6661022377479604      1.4453096
      14.8737788002380924      1.1396475
      16.0814553626283754      0.8887209
      17.2891319251185074      0.6897981
      18.4968084875753540      0.5422484
      19.7044850499989224      0.4050297
      20.9121616124557690      0.3245275
      22.1198381749126192      0.2487582
      23.3275147374027512      0.1855259
      24.5351912998263195      0.1421272
      25.7428678622831661      0.1150434
      26.9505444247400163      0.0893927
      28.1582209871635776      0.0673268
      29.3658975496204278      0.0527257
      30.5735741121105598      0.0455493
      31.7812506745341281      0.0360147
      32.9889272369909747      0.0160956
      34.1966037994478214      0.0133575
      35.4042803618713862      0.0126094
      36.6119569243282399      0.0070698
      37.8196334868183683      0.0093246
      39.0273100492752221      0.0129420
      40.2349866116987798      0.0150429
      41.4426631741556335      0.0127652
      42.6503397366124872      0.0025028
      43.8580162990360449      0.0068443
      45.0656928615261805      0.0196550
      46.2733694239830271      0.0124389
      47.4810459864065919     -0.0025524
      48.6887225488634456      0.0084879
      49.8963991113202923     -0.0022867
      51.1040756737438571      0.0059861
      52.3117522362007108      0.0151562
      53.5194287986908392      0.0079577
      54.7271053611144040      0.0031749
      55.9347819235712507      0.0003015
      57.1424584860281044     -0.0023216
      58.3501350485182328     -0.0030881
      59.5578116109085158      0.0005713
      60.7654881733986443      0.0065519
      61.9731647358554980      0.0059569
      63.1808412982790628      0.0098154
      64.3885178607359165      0.0114897
      65.5961944231927561      0.0019659
      66.8038709856163138      0.0099762
      68.0115475481064635      0.0065501
      69.2192241105633030     -0.0000030
      70.4269006729868750     -0.0000091
      71.6345772354437145      0.0054440
      72.8422537979005682      0.0000280
      74.0499303603907038     -0.0069084
      75.2576069228142757     -0.0038305
      76.4652834852711294      0.0041634
      77.6729600477279547     -0.0005646
      78.8806366101515266      0.0080081
      80.0883131726083803      0.0065629
      81.2959897350985159      0.0047037
      82.5036662974887918      0.0006414
      83.7113428599789273      0.0024829
      84.9190194224357668      0.0001650
      86.1266959848593388      0.0040187
      87.3343725473161925      0.0135803
      88.5420491098063280      0.0094367
      89.7497256721966039      0.0080503
      90.9574022346867395      0.0085965
      92.1650787971435790      0.0040047
      93.3727553596004327      0.0012842
      94.5804319220240046      0.0133276
      95.7881084844808441      0.0032924
      96.9957850469709797     -0.0011901
      98.2034616093945516      0.0078021
      99.4111381718513911     -0.0006905
     100.6188147343082449      0.0029486
     101.8264912967318025      0.0001006
     103.0341678591886563     -0.0040482
     104.2418444216787918     -0.0029120
     105.4495209840690677     -0.0022095
     106.6571975465592033      0.0065380
     107.8648741090160428      0.0130028
     109.0725506714728965      0.0014135
     110.2802272338964684     -0.0067102
     111.4879037963866040     -0.0018181
     112.6955803588434435      0.0092765
     113.9032569212670154      0.0012717
     115.1109334837238549     -0.0050591
     116.3186100461807087     -0.0014955
     117.5262866086042806      0.0096881
     118.7339631710611343     -0.0003042
     119.9416397335512556     -0.0050843
     121.1493162959748275     -0.0084449
     122.3569928584316671      0.0045847
     123.5646694208885208     -0.0002758
     124.7723459833786421      0.0045207
     125.9800225457689322      0.0081357
     127.1876991082590678     -0.0070739
     128.3953756707159073      0.0029427
     129.6030522331394650      0.0028211
     130.8107287955963329      0.0041235
     132.0184053580532009      0.0127054
     133.2260819204767586      0.0003870
     134.4337584829668515     -0.0028841
     135.6414350454237194     -0.0075499
     136.8491116078473055     -0.0023408
     138.0567881703041451      0.0106265
     139.2644647327610130      0.0067108
     140.4721412951845423      0.0076013
     141.6798178576746636      0.0062636
     142.8874944201315316      0.0070492
     144.0951709825883711     -0.0016015
     145.3028475450119572     -0.0000190
     146.5105241074687967      0.0026620
     147.7182006699589181      0.0053160
     148.9258772323492224      0.0138207
     150.1335537948393437      0.0022888
     151.3412303572961832     -0.0012953
     152.5489069197197693      0.0044165
     153.7565834821766089      0.0041268
     154.9642600446667302      0.0002206
     156.1719366070570345      0.0071315
     157.3796131695471274      0.0004063
     158.5872897320039954      0.0000671
     159.7949662944608349     -0.0053951
     161.0026428568844210     -0.0056843
     162.2103194193412889      0.0010213
     163.4179959818313819     -0.0079829
     164.6256725442549396     -0.0042238
     165.8333491067118075     -0.0001969
     167.0410256691686470     -0.0002192
     168.2487022315922331     -0.0146159
     169.4563787940491011     -0.0127784
     170.6640553565391940     -0.0087829
     171.8717319189627517      0.0011493
     173.0794084814196196      0.0100439
     174.2870850438764592      0.0052274
     175.4947616063000453      0.0061078
     176.7024381687568848     -0.0011010
     177.9101147312470061     -0.0035589
     179.1177912937038741     -0.0100307
     180.3254678561274318     -0.0049217
     181.5331444185842713     -0.0019233
     182.7408209810411108     -0.0033745
     183.9484975434646969     -0.0019675
     185.1561741059548183     -0.0009532
     186.3638506684116862      0.0101799
     187.5715272308352155      0.0110086
     188.7792037932920834     -0.0061961
     189.9868803557489230      0.0032573
     191.1945569181725091      0.0014184
     192.4022334806293770     -0.0059290
     193.6099100431194699     -0.0055628
     194.8175866055763379      0.0059690
     196.0252631679998956      0.0051071
     197.2329397304567351      0.0062579
     198.4406162929468849     -0.0005999
     199.6482928553371607     -0.0060792
     200.8559694178272821     -0.0007281
     202.0636459802841500     -0.0032324
     203.2713225427077077      0.0007778
     204.4789991051645472     -0.0090950
     205.6866756676213868     -0.0090865
     206.8943522300449729     -0.0049893
     208.1020287925350942      0.0023525
     209.3097053549919622     -0.0026522
     210.5173819174488017      0.0035932
     211.7250584798723594      0.0000990
     212.9327350423291989     -0.0057873
     214.1404116048193487     -0.0038883
     215.3480881672096530      0.0009593
     216.5557647296997743     -0.0112234
     217.7634412921566138     -0.0120716
     218.9711178545801715     -0.0049941
     220.1787944170370110     -0.0053509
     221.3864709795271608     -0.0104808
     222.5941475419174651      0.0074041
     223.8018241044075580     -0.0109937
     225.0095006668644260     -0.0051470
     226.2171772292879837     -0.0003005
     227.4248537917448232     -0.0082998
     228.6325303542016911     -0.0014122
     229.8402069166918125     -0.0061366
     231.0478834791153702     -0.0005564
     232.2555600415722381     -0.0021931
     233.4632366040290776     -0.0082474
     234.6709131664526353     -0.0040854
     235.8785897289094748      0.0063357
     237.0862662913996246     -0.0053126
     238.2939428538231823     -0.0004048
     239.5016194162800502      0.0122048
     240.7092959787368898      0.0087934
     241.9169725411604475      0.0048470
     243.1246491036172870      0.0042048
     244.3323256661074367      0.0013436
     245.5400022285643047      0.0001904
     246.7476787909878340      0.0027241
     247.9553553534447019     -0.0021218
     249.1630319159015414      0.0022547
     250.3707084783250991      0.0085004
     251.5783850408152489     -0.0013726
     252.7860616032720884     -0.0062886
     253.9937381656956461     -0.0079437
     255.2014147281525140      0.0022541
     256.4090912906093536      0.0011228
     257.6167678530329113      0.0000722
     258.8244444154897792     -0.0029677
     260.0321209779799005     -0.0027168
     261.2397975404034582     -0.0018975
     262.4474741028603262     -0.0092480
     263.6551506653171941     -0.0014182
     264.8628272278073155      0.0004857
     266.0705037901976198      0.0026449
     267.2781803526877411      0.0026555
     268.4858569151445522     -0.0001846
     269.6935334775681099     -0.0077739
     270.9012100400249778     -0.0095939
     272.1088866024818458     -0.0086412
     273.3165631649054035     -0.0041820
     274.5242397273955248      0.0059653
     275.7319162898523359      0.0044023
     276.9395928522759505      0.0016482
     278.1472694147328184     -0.0043475
     279.3549459771896295      0.0046878
     280.5626225396797508     -0.0012025
     281.7702991021033654      0.0102481
     282.9779756645601765      0.0103585
     284.1856522270170444     -0.0057824
     285.3933287894406021      0.0038819
     286.6010053518974701     -0.0002709
     287.8086819143875346     -0.0030605
     289.0163584767778389      0.0044362
     290.2240350392679602      0.0062115
     291.4317116017248281     -0.0014343
     292.6393881641484427     -0.0034106
     293.8470647266052538      0.0005722
     295.0547412890953751      0.0033040
     296.2624178514856794      0.0024092
     297.4700944139758008     -0.0059613
     298.6777709764326687      0.0020577
     299.8854475388894798      0.0080333
     301.0931241013130375      0.0029613
     302.3008006637699054     -0.0044151
     303.5084772262600836      0.0048109
     304.7161537886835845     -0.0032121
     305.9238303511404524      0.0020155
     307.1315069135972635      0.0042336
     308.3391834760208781     -0.0004967
     309.5468600384776892     -0.0069949
     310.7545366009678673      0.0032143
     311.9622131633581716     -0.0041858
     313.1698897258482930      0.0014543
     314.3775662883051041      0.0002864
     315.5852428507619720     -0.0069262
     316.7929194131855866      0.0037594
     318.0005959756756511      0.0135703
     319.2082725381325190      0.0122713
     320.4159491005560767     -0.0016664
     321.6236256630128878      0.0016198
     322.8313022254698126     -0.0096901
     324.0389787878933703     -0.0068976
     325.2466553503501814     -0.0175983
     326.4543319128403027     -0.0093891
     327.6620084752639173     -0.0030977
     328.8696850377207284      0.0064451
     330.0773616001775963      0.0013022
     331.2850381626677176     -0.0033968
     332.4927147250580219      0.0038715
     333.7003912875481433     -0.0026597
     334.9080678500050112     -0.0034962
     336.1157444124285121     -0.0021058
     337.3234209748853800     -0.0064837
     338.5310975373422480      0.0006286
     339.7387740997658057      0.0046937
     340.9464506622559270      0.0112523
     342.1541272247127949      0.0045324
     343.3618037871363526     -0.0066424
     344.5694803495932206     -0.0110715
     345.7771569120500317     -0.0029341
     346.9848334744736462     -0.0010156
     348.1925100369637107     -0.0051207
     349.4001865994206355     -0.0055005
     350.6078631618774466     -0.0077197
     351.8155397243010043      0.0102432
     353.0232162867578722      0.0048676
     354.2308928492479936     -0.0001178
     355.4385694116382410      0.0013974
     356.6462459741284192     -0.0022994
     357.8539225365852303      0.0033149
     359.0615990990088449     -0.0072233
     360.2692756614656560     -0.0029433
     361.4769522239558341     -0.0022370
     362.6846287863460816     -0.0028899
     363.8923053488362598      0.0025124
     365.0999819112930709     -0.0045821
     366.3076584737499388      0.0000555
     367.5153350361734397     -0.0036312
     368.7230115986303645     -0.0002571
     369.9306881611204858      0.0093549
     371.1383647235440435      0.0009459
     372.3460412860008546     -0.0095211
     373.5537178484577225     -0.0047989
     374.7613944108812802      0.0036762
     375.9690709733381482     -0.0043756
     377.1767475358282695     -0.0058575
     378.3844240982518272     -0.0025701
     379.5921006607086952     -0.0027219
     380.7997772231655631      0.0072589
     382.0074537855890640      0.0046485
     383.2151303480459887     -0.0000036
     384.4228069105360532      0.0006317
     385.6304834729929780     -0.0045419
     386.8381600354164789     -0.0095559
     388.0458365978733468     -0.0064199
     389.2535131603301579     -0.0047207
     390.4611897227537725      0.0043696
     391.6688662852438938      0.0015257
     392.8765428477007617      0.0009585
     394.0842194101243194      0.0020871
     395.2918959725811874      0.0024149
     396.4995725350379985      0.0129184
     397.7072490974615562     -0.0086917
     398.9149256599184241     -0.0093620
     400.1226022224086023      0.0001617
     401.3302787848654134      0.0064839
     402.5379553472889711      0.0084232
     403.7456319097457822      0.0004684
     404.9533084722359035      0.0034538
     406.1609850346262078     -0.0028063
     407.3686615971163860      0.0005789
     408.5763381595731971     -0.0130044
     409.7840147219968117     -0.0119553
     410.9916912844536228      0.0062254
     412.1993678469104907     -0.0051984
     413.4070444093339916     -0.0167113
     414.6147209718241697     -0.0062868
     415.8223975342810377      0.0072625
     417.0300740967045954      0.0089100
     418.2377506591614065      0.0057811
     419.4454272216182744      0.0015552
     420.6531037841083958      0.0001256
     421.8607803464987001      0.0013949
     423.0684569089888214      0.0041866
     424.2761334714456893      0.0020818
     425.4838100338692470      0.0050656
     426.6914865963261150      0.0027436
     427.8991631588162363      0.0037803
     429.1068397212065406      0.0029975
     430.3145162836966620      0.0035688
     431.5221928461535299      0.0047079
     432.7298694085770308      0.0023715
     433.9375459710338987     -0.0065210
     435.1452225334907666     -0.0021109
     436.3528990959808311      0.0079445
     437.5605756584044457     -0.0009090
     438.7682522208613136      0.0024908
     439.9759287833181247      0.0086664
     441.1836053457417393      0.0076181
     442.3912819081985504      0.0091956
     443.5989584706886717      0.0037784
     444.8066350331122294      0.0089660
     446.0143115955691542     -0.0014383
     447.2219881580259653      0.0026072
     448.4296647204495230      0.0095429
     449.6373412829063341      0.0115497
     450.8450178453964554     -0.0013262
     452.0526944078533802      0.0002341
     453.2603709702769379      0.0074946
     454.4680475327337490      0.0072128
     455.6757240951906169     -0.0043626
     456.8834006576141746      0.0011284
     458.0910772201042960      0.0103936
     459.2987537825611639     -0.0041573
     460.5064303449847785     -0.0131120
     461.7141069074415896     -0.0079670
     462.9217834698984575     -0.0076377
     464.1294600323219584     -0.0053765
     465.3371365947788831     -0.0097627
     466.5448131572689476     -0.0047193
     467.7524897196925622     -0.0127356
     468.9601662821493733     -0.0040941
     470.1678428446062412     -0.0093699
     471.3755194070963626     -0.0052073
     472.5831959694866669     -0.0033908
     473.7908725319767882     -0.0095807
     474.9985490944335993     -0.0013380
     476.2062256568572138      0.0015663
     477.4139022193140818     -0.0000719
     478.6215787817708929      0.0012755
     479.8292553441944506      0.0050506
     481.0369319066845719     -0.0003516
     482.2446084691414399      0.0068494
     483.4522850315649976      0.0081729
     484.6599615940218655      0.0017853
     485.8676381564786766      0.0039460
     487.0753147189687979      0.0197646
