Scan:    409          RBS2061 2015-10-23 +21 48 02.0
          RADIO                  Ta*   
        km/s-BAR                 XX
    -528.3083855142560878     -0.0058133
    -527.1006456601783157     -0.0000594
    -525.8929058061669366     -0.0098977
    -524.6851659521555575     -0.0058653
    -523.4774260980777854      0.0018337
    -522.2696862439998995     -0.0009758
    -521.0619463899886341      0.0009182
    -519.8542065359107482      0.0064720
    -518.6464666818994829      0.0030601
    -517.4387268278881038      0.0000909
    -516.2309869738102179     -0.0014204
    -515.0232471197989526     -0.0157698
    -513.8155072657210667      0.0065035
    -512.6077674116431808     -0.0027349
    -511.4000275576319154     -0.0140235
    -510.1922877036205932     -0.0125620
    -508.9845478495427642      0.0068355
    -507.7768079955314988     -0.0053322
    -506.5690681414536130      0.0019304
    -505.3613282873757271      0.0001316
    -504.1535884333644049     -0.0128316
    -502.9458485793531395      0.0032131
    -501.7381087252752536      0.0094278
    -500.5303688712639882      0.0020340
    -499.3226290172526660     -0.0000605
    -498.1148891631747802     -0.0039513
    -496.9071493090968943     -0.0031277
    -495.6994094550856289      0.0042785
    -494.4916696010077999     -0.0004295
    -493.2839297469964777      0.0018842
    -492.0761898929851554     -0.0068447
    -490.8684500389072696     -0.0089631
    -489.6607101848294405      0.0000475
    -488.4529703308181752      0.0048014
    -487.2452304767402893     -0.0018248
    -486.0374906227289671      0.0043595
    -484.8297507687176449     -0.0034426
    -483.6220109146398158     -0.0069676
    -482.4142710605619300     -0.0068391
    -481.2065312065506646     -0.0050076
    -479.9987913524727787      0.0003722
    -478.7910514984614565      0.0113102
    -477.5833116444501911     -0.0004466
    -476.3755717903723053      0.0031089
    -475.1678319363610399      0.0027592
    -473.9600920822831540      0.0025079
    -472.7523522282053250      0.0061524
    -471.5446123741939459     -0.0059087
    -470.3368725201826805     -0.0060674
    -469.1291326661047947     -0.0009791
    -467.9213928120934725     -0.0014736
    -466.7136529580156434      0.0004936
    -465.5059131039377576      0.0051059
    -464.2981732499264922     -0.0038854
    -463.0904333959152268      0.0014888
    -461.8826935418373409     -0.0003066
    -460.6749536878260187     -0.0007130
    -459.4672138338146965      0.0073705
    -458.2594739797368675     -0.0000048
    -457.0517341256589816     -0.0121357
    -455.8439942715810957     -0.0031042
    -454.6362544175698304     -0.0069045
    -453.4285145635585081     -0.0005083
    -452.2207747094806223      0.0063786
    -451.0130348554693569      0.0027634
    -449.8052950013914710     -0.0100436
    -448.5975551473136420     -0.0012599
    -447.3898152933023198      0.0012942
    -446.1820754392909976      0.0092135
    -444.9743355852131685      0.0154439
    -443.7665957312018463      0.0069364
    -442.5588558771240173     -0.0036330
    -441.3511160230461314      0.0070759
    -440.1433761690348092      0.0066326
    -438.9356363150235438      0.0048712
    -437.7278964609456580     -0.0063243
    -436.5201566069343926     -0.0014382
    -435.3124167529230704     -0.0094737
    -434.1046768988451845      0.0017853
    -432.8969370447672986     -0.0045793
    -431.6891971907560333      0.0059632
    -430.4814573366781474      0.0016983
    -429.2737174826668252     -0.0002988
    -428.0659776286555598      0.0083815
    -426.8582377745776739      0.0034732
    -425.6504979204998449      0.0005414
    -424.4427580664885227      0.0034890
    -423.2350182124106936      0.0034299
    -422.0272783583993714      0.0023938
    -420.8195385043880492      0.0010452
    -419.6117986503102202      0.0072037
    -418.4040587962988980      0.0113183
    -417.1963189422210689      0.0049094
    -415.9885790881431831      0.0054943
    -414.7808392341318608      0.0032629
    -413.5730993801205955     -0.0091906
    -412.3653595260427096     -0.0009105
    -411.1576196720313874      0.0071144
    -409.9498798179535015      0.0067250
    -408.7421399638756156     -0.0026689
    -407.5344001098643503      0.0143900
    -406.3266602558530849      0.0030210
    -405.1189204017751990     -0.0009874
    -403.9111805477638768     -0.0050330
    -402.7034406936859909     -0.0048615
    -401.4957008396081619      0.0024385
    -400.2879609855968965     -0.0061827
    -399.0802211315855743      0.0137846
    -397.8724812775077453      0.0098189
    -396.6647414234963662      0.0068571
    -395.4570015694851008     -0.0036343
    -394.2492617154072718     -0.0108316
    -393.0415218613293860     -0.0048958
    -391.8337820073180637     -0.0062018
    -390.6260421532402347      0.0029913
    -389.4183022992289125     -0.0031794
    -388.2105624452176471      0.0062604
    -387.0028225911397612     -0.0036519
    -385.7950827370618754      0.0008605
    -384.5873428830505532      0.0026343
    -383.3796030289726673     -0.0071387
    -382.1718631749614019      0.0036738
    -380.9641233209501365     -0.0007114
    -379.7563834668722507     -0.0023533
    -378.5486436128609284     -0.0009128
    -377.3409037587830426      0.0048224
    -376.1331639047052136     -0.0015379
    -374.9254240506939482      0.0097828
    -373.7176841966826260      0.0023107
    -372.5099443426047969      0.0034636
    -371.3022044885934179     -0.0000801
    -370.0944646345155888     -0.0001201
    -368.8867247804377030      0.0060659
    -367.6789849264264376     -0.0099408
    -366.4712450724151154      0.0108598
    -365.2635052183372295      0.0104807
    -364.0557653643259641      0.0155900
    -362.8480255102480783      0.0143314
    -361.6402856561702492      0.0048482
    -360.4325458021589270      0.0077570
    -359.2248059481476048      0.0119874
    -358.0170660940697189      0.0117162
    -356.8093262400584535      0.0021021
    -355.6015863859806245      0.0110500
    -354.3938465319693023      0.0116482
    -353.1861066778914733      0.0033588
    -351.9783668238135874      0.0022347
    -350.7706269698022652      0.0029729
    -349.5628871157909998      0.0097815
    -348.3551472617131139      0.0177630
    -347.1474074077017917      0.0141200
    -345.9396675536239059      0.0114526
    -344.7319276995460200      0.0143157
    -343.5241878455347546      0.0126171
    -342.3164479915234892      0.0118094
    -341.1087081374456034      0.0185365
    -339.9009682834342811      0.0057289
    -338.6932284293563953      0.0196615
    -337.4854885753451299      0.0145047
    -336.2777487212672440      0.0118680
    -335.0700088672559787      0.0101788
    -333.8622690131781496      0.0121860
    -332.6545291591667706      0.0259829
    -331.4467893051555052      0.0183102
    -330.2390494510776762      0.0136668
    -329.0313095969997903      0.0020904
    -327.8235697429884681      0.0187758
    -326.6158298889105822      0.0227340
    -325.4080900348993168      0.0138152
    -324.2003501808880515      0.0086009
    -322.9926103268101656      0.0045854
    -321.7848704727322797      0.0020360
    -320.5771306187209575      0.0063223
    -319.3693907646430716     -0.0048103
    -318.1616509106318063      0.0084150
    -316.9539110566205409      0.0025185
    -315.7461712025426550      0.0004486
    -314.5384313485313328      0.0101196
    -313.3306914944534469      0.0097795
    -312.1229516403756179      0.0014742
    -310.9152117863642957      0.0001416
    -309.7074719323529735      0.0106114
    -308.4997320782751444      0.0116205
    -307.2919922242638222      0.0065782
    -306.0842523701859932      0.0121489
    -304.8765125161081073      0.0071899
    -303.6687726620968419      0.0026960
    -302.4610328080855197      0.0119613
    -301.2532929540076339      0.0115380
    -300.0455530999963685      0.0073802
    -298.8378132459184826     -0.0013315
    -297.6300733919072172     -0.0000604
    -296.4223335378293314      0.0029875
    -295.2145936838180091      0.0068247
    -294.0068538297401233      0.0054060
    -292.7991139757288579     -0.0018857
    -291.5913741217175357      0.0025052
    -290.3836342676396498     -0.0115533
    -289.1758944135618208      0.0007856
    -287.9681545595504986      0.0091720
    -286.7604147054726695      0.0106540
    -285.5526748514613473      0.0098702
    -284.3449349974500251     -0.0035089
    -283.1371951433721961     -0.0057714
    -281.9294552892943102     -0.0009665
    -280.7217154352830448      0.0026401
    -279.5139755812051590      0.0106313
    -278.3062357271938936      0.0162888
    -277.0984958731825714      0.0098542
    -275.8907560191046855     -0.0035576
    -274.6830161650934201      0.0041989
    -273.4752763110155342     -0.0032718
    -272.2675364569376484      0.0122316
    -271.0597966029263830      0.0019624
    -269.8520567489150608      0.0009075
    -268.6443168948371749     -0.0061013
    -267.4365770408259095     -0.0051902
    -266.2288371867480237     -0.0038553
    -265.0210973326701946     -0.0100630
    -263.8133574786588156      0.0026422
    -262.6056176246475502      0.0022886
    -261.3978777705697212     -0.0026781
    -260.1901379165583990     -0.0103779
    -258.9823980624805131      0.0002772
    -257.7746582084026841      0.0011032
    -256.5669183543913618      0.0078491
    -255.3591785003800680     -0.0034335
    -254.1514386463022106     -0.0120799
    -252.9436987922909168      0.0023701
    -251.7359589382130309     -0.0010431
    -250.5282190842017371     -0.0093769
    -249.3204792301238513      0.0010449
    -248.1127393760459938      0.0071645
    -246.9049995220347284      0.0107968
    -245.6972596680234062      0.0053536
    -244.4895198139455488      0.0017106
    -243.2817799599342266      0.0016656
    -242.0740401058563691      0.0010303
    -240.8663002517785117      0.0068324
    -239.6585603977671894     -0.0000993
    -238.4508205437559241      0.0007414
    -237.2430806896780666     -0.0003109
    -236.0353408356667444     -0.0053042
    -234.8276009816554506      0.0106804
    -233.6198611275775647      0.0050862
    -232.4121212734997073     -0.0009898
    -231.2043814194884135      0.0011723
    -229.9966415654105276      0.0041272
    -228.7889017113992622      0.0048236
    -227.5811618573879400     -0.0091047
    -226.3734220033100826     -0.0109259
    -225.1656821492322251     -0.0022428
    -223.9579422952209029     -0.0050538
    -222.7502024411430455     -0.0064112
    -221.5424625871317517     -0.0012754
    -220.3347227331204579     -0.0048973
    -219.1269828790426004     -0.0061867
    -217.9192430249647430     -0.0023832
    -216.7115031709534207      0.0045237
    -215.5037633168755633     -0.0044304
    -214.2960234628642411     -0.0089217
    -213.0882836088529473      0.0106134
    -211.8805437547750898     -0.0052851
    -210.6728039007637960     -0.0084291
    -209.4650640466859386      0.0010865
    -208.2573241926080527      0.0048312
    -207.0495843385967589      0.0015918
    -205.8418444845854651     -0.0036950
    -204.6341046305075793      0.0021660
    -203.4263647764962855     -0.0101797
    -202.2186249224184280     -0.0066256
    -201.0108850683405421      0.0018824
    -199.8031452143292768     -0.0011852
    -198.5954053603179545     -0.0091454
    -197.3876655062400971     -0.0082442
    -196.1799256522288033     -0.0175815
    -194.9721857982174811     -0.0009325
    -193.7644459441396236     -0.0039482
    -192.5567060900617378      0.0024189
    -191.3489662360504724      0.0068254
    -190.1412263819726149     -0.0033614
    -188.9334865279612927     -0.0073719
    -187.7257466739499989     -0.0052380
    -186.5180068198721415      0.0109480
    -185.3102669657942556      0.0016268
    -184.1025271117829618     -0.0104812
    -182.8947872577050759     -0.0025973
    -181.6870474036938106      0.0059872
    -180.4793075496825168      0.0008044
    -179.2715676956046309      0.0043304
    -178.0638278415267735      0.0067678
    -176.8560879875154512     -0.0051974
    -175.6483481334375938      0.0011675
    -174.4406082794263000     -0.0026912
    -173.2328684254150062     -0.0070539
    -172.0251285713371487     -0.0006394
    -170.8173887173258549     -0.0067176
    -169.6096488632479691     -0.0025652
    -168.4019090091701116      0.0081895
    -167.1941691551587894      0.0080671
    -165.9864293011474956      0.0007463
    -164.7786894470696382     -0.0135534
    -163.5709495930583444     -0.0069936
    -162.3632097389804869     -0.0116985
    -161.1554698849026295      0.0059475
    -159.9477300308913073     -0.0067081
    -158.7399901768800135      0.0093436
    -157.5322503228021276      0.0011464
    -156.3245104687908622      0.0104781
    -155.1167706147795684      0.0038840
    -153.9090307607016825      0.0105568
    -152.7012909066238251     -0.0029843
    -151.4935510525459677     -0.0090564
    -150.2858111985346454     -0.0114606
    -149.0780713445233516     -0.0032206
    -147.8703314904454658      0.0027297
    -146.6625916364342004      0.0047450
    -145.4548517823563429      0.0081545
    -144.2471119282784571     -0.0042148
    -143.0393720742671633     -0.0167220
    -141.8316322202558410      0.0010085
    -140.6238923661779836      0.0065690
    -139.4161525121666898      0.0090256
    -138.2084126580888039      0.0189024
    -137.0006728040109465      0.0025537
    -135.7929329499996811     -0.0014563
    -134.5851930959883589      0.0051414
    -133.3774532419105014     -0.0022463
    -132.1697133878991792     -0.0057267
    -130.9619735338878854     -0.0060418
    -129.7542336798100280      0.0005888
    -128.5464938257321705      0.0021167
    -127.3387539717208625     -0.0012784
    -126.1310141176429909     -0.0095379
    -124.9232742636316971     -0.0118073
    -123.7155344096203891     -0.0070942
    -122.5077945555425316     -0.0124482
    -121.3000547014646600     -0.0130200
    -120.0923148474533662     -0.0052252
    -118.8845749933754945     -0.0083495
    -117.6768351393641865     -0.0171372
    -116.4690952853529069     -0.0227697
    -115.2613554312750352      0.0008386
    -114.0536155772637272     -0.0053772
    -112.8458757231858556     -0.0147798
    -111.6381358691079981     -0.0134971
    -110.4303960150967043     -0.0089971
    -109.2226561610853963     -0.0145321
    -108.0149163070075247     -0.0141327
    -106.8071764529962451     -0.0135097
    -105.5994365989183734     -0.0222322
    -104.3916967448405018     -0.0054813
    -103.1839568908291938     -0.0143532
    -101.9762170368179000     -0.0071824
    -100.7684771827400425     -0.0157034
     -99.5607373287287345     -0.0204226
     -98.3529974746508628     -0.0199014
     -97.1452576205730054     -0.0140702
     -95.9375177665617116     -0.0280366
     -94.7297779125504036     -0.0234041
     -93.5220380584725319     -0.0170041
     -92.3142982044612381     -0.0165880
     -91.1065583504499443     -0.0152278
     -89.8988184963720727     -0.0105293
     -88.6910786422942010     -0.0187028
     -87.4833387882829072     -0.0145866
     -86.2755989342050498     -0.0206529
     -85.0678590801937418     -0.0045426
     -83.8601192261824480     -0.0105883
     -82.6523793721045763     -0.0155156
     -81.4446395180267189     -0.0130121
     -80.2368996640154108     -0.0065344
     -79.0291598099375392     -0.0036728
     -77.8214199559262454      0.0036532
     -76.6136801019149374      0.0237917
     -75.4059402478370799      0.0161121
     -74.1982003938257861      0.0496375
     -72.9904605397479145      0.0578832
     -71.7827206856700570      0.0945770
     -70.5749808316587490      0.1271866
     -69.3672409776474552      0.1573059
     -68.1595011235695836      0.1934119
     -66.9517612695582756      0.2339415
     -65.7440214154804181      0.2862718
     -64.5362815614025465      0.3470620
     -63.3285417073912527      0.4188265
     -62.1208018533799518      0.4905057
     -60.9130619993020872      0.5571823
     -59.7053221452907863      0.6393836
     -58.4975822912129217      0.7350323
     -57.2898424371350572      0.8411149
     -56.0821025831237563      0.9377599
     -54.8743627291124554      0.9645501
     -53.6666228750345908      0.9496493
     -52.4588830210232899      0.9126468
     -51.2511431670119961      0.8667156
     -50.0434033129341245      0.8337656
     -48.8356634588562599      0.7842918
     -47.6279236047783954      0.7674097
     -46.4201837507670945      0.7781782
     -45.2124438967557936      0.7683249
     -44.0047040426779290      0.7828848
     -42.7969641886666281      0.7794003
     -41.5892243345887636      0.7211904
     -40.3814844805108919      0.7032624
     -39.1737446264995981      0.6699898
     -37.9660047724882972      0.6585786
     -36.7582649184104326      0.6542528
     -35.5505250643991317      0.6521171
     -34.3427852103878308      0.6726310
     -33.1350453563099663      0.6674116
     -31.9273055022320982      0.7025039
     -30.7195656482208008      0.7349963
     -29.5118257941429327      0.7523364
     -28.3040859401316354      0.7553023
     -27.0963460861203345      0.7566528
     -25.8886062320424664      0.7674506
     -24.6808663779646018      0.7879202
     -23.4731265239533009      0.8370111
     -22.2653866698754364      0.9229593
     -21.0576468158641354      1.0526550
     -19.8499069618528381      1.3646960
     -18.6421671077749700      2.6020401
     -17.4344272536971090      6.3664131
     -16.2266873996858081      9.8617792
     -15.0189475456079400      9.9439392
     -13.8112076915966409      8.8437405
     -12.6034678375853417      7.8893890
     -11.3957279835074754      7.2845101
     -10.1879881294961763      6.6676612
      -8.9802482754183099      5.6761694
      -7.7725084213404436      5.0345635
      -6.5647685673291445      5.1960173
      -5.3570287133178454      6.1074448
      -4.1492888592399790      6.7685690
      -2.9415490052286795      6.9180875
      -1.7338091511508131      6.5230794
      -0.5260692970729465      5.8580308
       0.6816705569383527      5.2505908
       1.8894104109496519      4.2306738
       3.0971502650275182      2.9518142
       4.3048901190721010      1.9710169
       5.5126299730834010      1.3364017
       6.7203698271612664      0.9661040
       7.9281096811725655      0.7083120
       9.1358495352171492      0.5422128
      10.3435893892950155      0.4245996
      11.5513292433063146      0.3365834
      12.7590690973508973      0.2545755
      13.9668089514287637      0.2000847
      15.1745488054400628      0.1658375
      16.3822886594846473      0.1241853
      17.5900285135625118      0.0929144
      18.7977683675738128      0.0782524
      20.0055082216183955      0.0611350
      21.2132480756962600      0.0427354
      22.4209879297075609      0.0482044
      23.6287277837521437      0.0352027
      24.8364676378300118      0.0285776
      26.0442074918413091      0.0352017
      27.2519473458526065      0.0131381
      28.4596871999304746      0.0117063
      29.6674270539750573      0.0154723
      30.8751669079863582      0.0089103
      32.0829067620642263      0.0061100
      33.2906466161088019      0.0190657
      34.4983864701201028      0.0217225
      35.7061263241979674      0.0184340
      36.9138661782425572      0.0091222
      38.1216060322538510      0.0136175
      39.3293458863317227      0.0220412
      40.5370857403762983      0.0123981
      41.7448255943875992      0.0022874
      42.9525654484654638      0.0113718
      44.1603053025100536      0.0093256
      45.3680451565213545      0.0099658
      46.5757850105992190      0.0142127
      47.7835248646105200      0.0084178
      48.9912647186550956      0.0109530
      50.1990045727329601      0.0085707
      51.4067444267442610      0.0250893
      52.6144842808221327      0.0162647
      53.8222241348667154      0.0077013
      55.0299639888780163      0.0140340
      56.2377038429558809      0.0010251
      57.4454436970004636      0.0033069
      58.6531835510117574      0.0046177
      59.8609234050896291      0.0137027
      61.0686632591342118      0.0232135
      62.2764031131455127     -0.0023884
      63.4841429672233772     -0.0075182
      64.6918828212679529      0.0072707
      65.8996226752792609      0.0086927
      67.1073625293571183     -0.0056423
      68.3151023833684263     -0.0086723
      69.5228422374130020     -0.0040221
      70.7305820914908736      0.0086659
      71.9383219455021816     -0.0022686
      73.1460617995467430      0.0030778
      74.3538016536246147      0.0095419
      75.5615415076359227     -0.0037368
      76.7692813616805125     -0.0083719
      77.9770212157583700      0.0016867
      79.1847610697696638      0.0129168
      80.3925009238142536     -0.0015561
      81.6002407778921253     -0.0007407
      82.8079806319034049     -0.0059441
      84.0157204859479947     -0.0024980
      85.2234603400258663     -0.0012462
      86.4312001940371744     -0.0034801
      87.6389400480484682      0.0074579
      88.8466799021263256      0.0078643
      90.0544197561709154      0.0083127
      91.2621596101822092     -0.0058564
      92.4698994642600667     -0.0005401
      93.6776393183046565      0.0101491
      94.8853791723159645      0.0109679
      96.0931190263938362     -0.0022841
      97.3008588804384118     -0.0092191
      98.5085987344497056      0.0010294
      99.7163385885275773      0.0085917
     100.9240784425721671      0.0054828
     102.1318182965834609     -0.0068905
     103.3395581506613183      0.0032573
     104.5472980047059082      0.0044915
     105.7550378587172020      0.0016925
     106.9627777127950736      0.0021628
     108.1705175668063816      0.0023946
     109.3782574208509573      0.0070274
     110.5859972749288289     -0.0014401
     111.7937371289401227      0.0021812
     113.0014769829847125      0.0065782
     114.2092168370625700     -0.0121937
     115.4169566910738638     -0.0095292
     116.6246965451184536     -0.0093512
     117.8324363991963253     -0.0040006
     119.0401762532076191     -0.0008488
     120.2479161072521947      0.0034669
     121.4556559613300664     -0.0082109
     122.6633958153413744      0.0022793
     123.8711356693859500     -0.0012203
     125.0788755234638074     -0.0013522
     126.2866153774751155      0.0005473
     127.4943552314864235     -0.0015658
     128.7020950855642809      0.0007186
     129.9098349396088565      0.0012249
     131.1175747936201503     -0.0038989
     132.3253146476980078     -0.0056582
     133.5330545017426118     -0.0047226
     134.7407943557539056     -0.0085140
     135.9485342098317631     -0.0008832
     137.1562740638763671     -0.0013830
     138.3640139178876609     -0.0012224
     139.5717537719655468      0.0027251
     140.7794936260101224     -0.0028271
     141.9872334800214162      0.0087780
     143.1949733340992736      0.0066555
     144.4027131881438493      0.0015584
     145.6104530421551715     -0.0056640
     146.8181928962330289     -0.0106277
     148.0259327502443227      0.0007626
     149.2336726042888984     -0.0003973
     150.4414124583667842      0.0052282
     151.6491523123780780      0.0077927
     152.8568921664226536      0.0133242
     154.0646320205005111     -0.0045290
     155.2723718745118333      0.0092079
     156.4801117285896908     -0.0059208
     157.6878515826342664     -0.0073146
     158.8955914366455602     -0.0057325
     160.1033312907234460     -0.0078877
     161.3110711447680217     -0.0011133
     162.5188109987793155      0.0072025
     163.7265508528571729      0.0005652
     164.9342907069017485     -0.0033042
     166.1420305609130708      0.0025091
     167.3497704149909282     -0.0022012
     168.5575102690022220      0.0019440
     169.7652501230467976     -0.0044783
     170.9729899771246835     -0.0068546
     172.1807298311359773      0.0052875
     173.3884696851805529      0.0011240
     174.5962095392584104      0.0030031
     175.8039493932697326      0.0019234
     177.0116892473143366     -0.0069360
     178.2194291013921941     -0.0018339
     179.4271689554034594      0.0035128
     180.6349088094480635     -0.0058749
     181.8426486635259494     -0.0115928
     183.0503885175372147      0.0115879
     184.2581283715818188      0.0042432
     185.4658682256596762      0.0000783
     186.6736080796709700     -0.0131796
     187.8813479336822638     -0.0148153
     189.0890877877601213     -0.0105292
     190.2968276418047253      0.0070718
     191.5045674958160191     -0.0010013
     192.7123073498938766     -0.0053554
     193.9200472039384806      0.0022256
     195.1277870579497460      0.0091019
     196.3355269120276319      0.0138193
     197.5432667660722359      0.0061464
     198.7510066200835297      0.0099124
     199.9587464741613871     -0.0045415
     201.1664863282059628     -0.0054835
     202.3742261822172850     -0.0019557
     203.5819660362951424      0.0045656
     204.7897058903397181     -0.0085966
     205.9974457443510119     -0.0102220
     207.2051855984288977     -0.0117826
     208.4129254524401915     -0.0007127
     209.6206653064847671     -0.0067082
     210.8284051605626246      0.0049845
     212.0361450145739468     -0.0045223
     213.2438848686185224     -0.0035899
     214.4516247226963799     -0.0105447
     215.6593645767076737      0.0057008
     216.8671044307522493     -0.0035876
     218.0748442848301067     -0.0112548
     219.2825841388414290     -0.0004100
     220.4903239928860046      0.0005767
     221.6980638469638620     -0.0092660
     222.9058037009751843      0.0012967
     224.1135435550197315      0.0082698
     225.3212834090976173     -0.0021898
     226.5290232631089111      0.0025957
     227.7367631171202333     -0.0040308
     228.9445029711980908      0.0007279
     230.1522428252426664      0.0060776
     231.3599826792539602     -0.0062842
     232.5677225333318461      0.0015781
     233.7754623873763933      0.0012165
     234.9832022413877155      0.0021743
     236.1909420954655729      0.0021349
     237.3986819495101770      0.0039872
     238.6064218035214708      0.0047630
     239.8141616575993282      0.0050785
     241.0219015116439323     -0.0004692
     242.2296413656551977      0.0097747
     243.4373812197330835      0.0085036
     244.6451210737776591     -0.0024376
     245.8528609277889529      0.0071189
     247.0606007818668104      0.0086703
     248.2683406358781326     -0.0006413
     249.4760804899227082      0.0057925
     250.6838203440005941      0.0068506
     251.8915601980118595      0.0057105
     253.0993000520564635      0.0088221
     254.3070399061343210      0.0101990
     255.5147797601456148     -0.0004464
     256.7225196142234722     -0.0089467
     257.9302594682681047     -0.0064329
     259.1379993222793701     -0.0016373
     260.3457391763572559     -0.0052452
     261.5534790304018316     -0.0015825
     262.7612188844131538      0.0080372
     263.9689587384909828      0.0077903
     265.1766985925355584      0.0234289
     266.3844384465468238      0.0007774
     267.5921783006247097      0.0006412
     268.7999181546360319     -0.0001029
     270.0076580086806075     -0.0023444
     271.2153978627584934      0.0121209
     272.4231377167697588      0.0039531
     273.6308775708143912      0.0075564
     274.8386174248922771     -0.0093004
     276.0463572789035425      0.0077704
     277.2540971329481181      0.0125314
     278.4618369870260040      0.0108033
     279.6695768410372693      0.0139930
     280.8773166950819018      0.0109444
     282.0850565491597308      0.0009260
     283.2927964031710530     -0.0012644
     284.5005362572156287     -0.0010306
     285.7082761112934577     -0.0064715
     286.9160159653047799     -0.0071945
     288.1237558193161021      0.0013134
     289.3314956733939312      0.0031049
     290.5392355274385068     -0.0001314
     291.7469753814498290     -0.0011676
     292.9547152355277149      0.0024644
     294.1624550895722905      0.0022437
     295.3701949435835559      0.0047414
     296.5779347976614417      0.0107756
     297.7856746517060174      0.0032851
     298.9934145057173396     -0.0037445
     300.2011543597952254     -0.0120349
     301.4088942138398011     -0.0045399
     302.6166340678510664      0.0046024
     303.8243739219289523      0.0024329
     305.0321137759734711     -0.0053362
     306.2398536299848502     -0.0091619
     307.4475934840626792     -0.0013661
     308.6553333380740014     -0.0009612
     309.8630731921185770     -0.0041143
     311.0708130461964060      0.0042031
     312.2785529002077283     -0.0098213
     313.4862927542523039      0.0046098
     314.6940326083301898     -0.0046806
     315.9017724623414551     -0.0053311
     317.1095123163860308      0.0047737
     318.3172521704639166     -0.0004531
     319.5249920244752388     -0.0017823
     320.7327318785198145     -0.0010480
     321.9404717325977003      0.0076231
     323.1482115866089657     -0.0050298
     324.3559514406535982     -0.0133219
     325.5636912947314840     -0.0000359
     326.7714311487427494     -0.0089453
     327.9791710027540148     -0.0070099
     329.1869108568319007     -0.0063556
     330.3946507108764763     -0.0020302
     331.6023905648877985     -0.0063699
     332.8101304189656275     -0.0088858
     334.0178702730102032     -0.0048364
     335.2256101270215254     -0.0053708
     336.4333499810993544     -0.0077160
     337.6410898351439869      0.0039817
     338.8488296891552523     -0.0080501
     340.0565695432331381      0.0068398
     341.2643093972777137      0.0083094
     342.4720492512890360      0.0138451
     343.6797891053669218      0.0143237
     344.8875289594114975      0.0024229
     346.0952688134227628      0.0017504
     347.3030086675006487      0.0005392
     348.5107485215119141      0.0006328
     349.7184883755565465      0.0132664
     350.9262282296344324      0.0027560
     352.1339680836456978     -0.0039151
     353.3417079376902734      0.0029757
     354.5494477917681024     -0.0111980
     355.7571876457794815     -0.0050497
     356.9649274998240571     -0.0002868
     358.1726673539018861     -0.0106949
     359.3804072079131515      0.0001989
     360.5881470619910374     -0.0047413
     361.7958869160356130     -0.0005380
     363.0036267700469352      0.0073051
     364.2113666241248211      0.0056660
     365.4191064781693967     -0.0115070
     366.6268463321806621      0.0078550
     367.8345861862585480     -0.0005828
     369.0423260402698702     -0.0077900
     370.2500658943144458     -0.0067872
     371.4578057483923317     -0.0139065
     372.6655456024035971      0.0037383
     373.8732854564481727     -0.0024330
     375.0810253105260017     -0.0027236
     376.2887651645373808     -0.0056567
     377.4965050185818995      0.0055557
     378.7042448726597854      0.0048573
     379.9119847266710508     -0.0076150
     381.1197245807156264      0.0085140
     382.3274644347935123      0.0038533
     383.5352042888048345      0.0124921
     384.7429441428494101     -0.0019162
     385.9506839969272960     -0.0141860
     387.1584238509385614     -0.0028500
     388.3661637049831938      0.0013066
     389.5739035590277695     -0.0055280
     390.7816434130723451     -0.0044031
     391.9893832670836105     -0.0115778
     393.1971231211614963      0.0101885
     394.4048629752061288      0.0098221
     395.6126028292173942      0.0130018
     396.8203426832952800      0.0121422
     398.0280825373397988      0.0099609
     399.2358223913511210      0.0014349
     400.4435622454289501      0.0081820
     401.6513020994735825      0.0026770
     402.8590419534849048      0.0023604
     404.0667818075627338     -0.0048159
     405.2745216616073094     -0.0136087
     406.4822615156186316     -0.0101746
     407.6900013696965175     -0.0133123
     408.8977412237410931     -0.0039183
     410.1054810777523585      0.0048511
     411.3132209318302444      0.0043599
     412.5209607858415666      0.0044663
     413.7287006398861422      0.0029337
     414.9364404939640281     -0.0109695
     416.1441803479752934     -0.0002218
     417.3519202020198691      0.0013250
     418.5596600560976981      0.0161235
     419.7673999101090772     -0.0073309
     420.9751397641536528      0.0016509
     422.1828796182314818     -0.0008134
     423.3906194722427472     -0.0052340
     424.5983593262873228      0.0004192
     425.8060991803652087     -0.0055627
     427.0138390343765309      0.0109537
     428.2215788884211065     -0.0043769
     429.4293187424656821     -0.0035362
     430.6370585965102578     -0.0032916
     431.8447984505215800      0.0100689
     433.0525383045994658     -0.0020359
     434.2602781586440415     -0.0034975
     435.4680180126553068     -0.0085844
     436.6757578667331927      0.0109479
     437.8834977207777683      0.0052080
     439.0912375747890906     -0.0026214
     440.2989774288669764     -0.0007975
     441.5067172829115520     -0.0030806
     442.7144571369228174      0.0029429
     443.9221969910006464      0.0066772
     445.1299368450452789      0.0058571
     446.3376766990566011      0.0030348
     447.5454165531344302     -0.0038747
     448.7531564071790058      0.0044009
     449.9608962611902712     -0.0007947
     451.1686361152681570      0.0020507
     452.3763759692794792     -0.0041382
     453.5841158233240549     -0.0070638
     454.7918556774019407     -0.0136080
     455.9995955314132061     -0.0015062
     457.2073353854578386      0.0000385
     458.4150752395357244     -0.0009483
     459.6228150935469898      0.0001424
     460.8305549476248757      0.0049961
     462.0382948016694513      0.0154851
     463.2460346556807735      0.0059184
     464.4537745097586026      0.0012079
     465.6615143638031782     -0.0019896
     466.8692542178145004     -0.0019506
     468.0769940718923294      0.0074574
     469.2847339259369051      0.0035970
     470.4924737799482273      0.0055667
     471.7002136340261131     -0.0074285
     472.9079534880373785      0.0012058
     474.1156933420819541      0.0039517
     475.3234331961598400     -0.0042450
     476.5311730501711622     -0.0105917
     477.7389129042157379      0.0017771
     478.9466527582936237     -0.0141717
     480.1543926123048891     -0.0143090
     481.3621324663494647     -0.0074572
     482.5698723204273506     -0.0028681
