Scan:    445  RXSJ0155.6+3115 2015-10-24 +04 04 30.0
          RADIO                  Ta*   
        km/s-BAR                 I
    -521.6822968560946947     -0.0071196
    -520.4746094905974587     -0.0017917
    -519.2669221251003364     -0.0070814
    -518.0592347596031004     -0.0010367
    -516.8515473941059781      0.0017115
    -515.6438600286087421     -0.0010539
    -514.4361726630448857     -0.0074566
    -513.2284852975477634     -0.0012584
    -512.0207979320505274      0.0039355
    -510.8131105665532914     -0.0022250
    -509.6054232010560554     -0.0085319
    -508.3977358355589331     -0.0042530
    -507.1900484699951335      0.0000389
    -505.9823611044978975      0.0054889
    -504.7746737390006615     -0.0035377
    -503.5669863735035392      0.0008133
    -502.3592990080063032     -0.0029258
    -501.1516116425091241     -0.0013701
    -499.9439242769453244      0.0016048
    -498.7362369114481453      0.0023204
    -497.5285495459509093     -0.0073712
    -496.3208621804537302     -0.0013624
    -495.1131748149564942     -0.0060346
    -493.9054874494592582      0.0083033
    -492.6978000838955154     -0.0017643
    -491.4901127183983363     -0.0045775
    -490.2824253529677208      0.0000457
    -489.0747379874704848      0.0011508
    -487.8670506219066851     -0.0020413
    -486.6593632564094491      0.0017076
    -485.4516758909123268     -0.0031740
    -484.2439885254150909     -0.0043212
    -483.0363011599178549     -0.0000781
    -481.8286137944206757      0.0043975
    -480.6209264288569329      0.0036410
    -479.4132390633596970      0.0009798
    -478.2055516978624610     -0.0046034
    -476.9978643323652818     -0.0023588
    -475.7901769668680458     -0.0025179
    -474.5824896013708667      0.0027224
    -473.3748022358070671     -0.0014238
    -472.1671148703098879     -0.0021033
    -470.9594275048126519     -0.0016678
    -469.7517401393154728     -0.0025508
    -468.5440527738182368      0.0063342
    -467.3363654083210008      0.0033048
    -466.1286780427572580     -0.0009447
    -464.9209906772600789      0.0030923
    -463.7133033117628429     -0.0072455
    -462.5056159462656638      0.0030597
    -461.2979285807684846      0.0013880
    -460.0902412152712486      0.0018631
    -458.8825538497074490     -0.0011982
    -457.6748664842102698     -0.0015120
    -456.4671791187130907      0.0006563
    -455.2594917532158547      0.0029766
    -454.0518043877186756     -0.0038869
    -452.8441170222214396      0.0049097
    -451.6364296566576968     -0.0003738
    -450.4287422911604608     -0.0039582
    -449.2210549256632817      0.0006727
    -448.0133675601660457      0.0024648
    -446.8056801946688097     -0.0049441
    -445.5979928291716305     -0.0016830
    -444.3903054636078878      0.0026701
    -443.1826180981106518     -0.0060794
    -441.9749307326134158      0.0004977
    -440.7672433671162366      0.0016280
    -439.5595560016190007      0.0045169
    -438.3518686361218784      0.0064444
    -437.1441812705580219      0.0051280
    -435.9364939050608427      0.0033588
    -434.7288065395636636      0.0053636
    -433.5211191740664844     -0.0015228
    -432.3134318085692485     -0.0031401
    -431.1057444430720125      0.0051858
    -429.8980570775082697      0.0052406
    -428.6903697120110905     -0.0046762
    -427.4826823465138546      0.0009732
    -426.2749949810166186      0.0036817
    -425.0673076155194394      0.0017607
    -423.8596202500222034     -0.0023494
    -422.6519328844584606      0.0069202
    -421.4442455189612247      0.0067322
    -420.2365581534640455     -0.0032213
    -419.0288707879668095     -0.0051900
    -417.8211834224696304     -0.0057364
    -416.6134960569723944     -0.0061604
    -415.4058086914086516      0.0025158
    -414.1981213259114156      0.0025594
    -412.9904339604142365     -0.0005799
    -411.7827465949170573     -0.0072548
    -410.5750592294198213     -0.0011378
    -409.3673718639226422     -0.0019747
    -408.1596844983588426     -0.0019910
    -406.9519971328616634      0.0001894
    -405.7443097673644274     -0.0020238
    -404.5366224018672483     -0.0000926
    -403.3289350363700123      0.0038157
    -402.1212476708062695      0.0009686
    -400.9135603053090335     -0.0022813
    -399.7058729398118544      0.0005861
    -398.4981855743146184      0.0008867
    -397.2904982088174393      0.0020948
    -396.0828108433202033     -0.0039869
    -394.8751234777564605     -0.0015436
    -393.6674361122592245      0.0037795
    -392.4597487467620454      0.0049457
    -391.2520613812648094      0.0020311
    -390.0443740157675734      0.0022158
    -388.8366866502703942      0.0034360
    -387.6289992847066515      0.0034267
    -386.4213119192094155      0.0048760
    -385.2136245537121795     -0.0019022
    -384.0059371882150572      0.0041691
    -382.7982498227178212      0.0011339
    -381.5905624572206420      0.0034371
    -380.3828750916567856     -0.0048599
    -379.1751877261596633      0.0001557
    -377.9675003606624273     -0.0004562
    -376.7598129951652481     -0.0051769
    -375.5521256297345758      0.0074125
    -374.3444382641707762      0.0033241
    -373.1367508986735970      0.0081750
    -371.9290635331763610     -0.0039409
    -370.7213761676791819     -0.0048186
    -369.5136888021820027     -0.0029568
    -368.3060014366847668      0.0009258
    -367.0983140711209671      0.0016679
    -365.8906267056237880     -0.0056796
    -364.6829393401266088     -0.0001941
    -363.4752519746293729     -0.0028578
    -362.2675646091321937     -0.0042796
    -361.0598772436349577     -0.0040621
    -359.8521898780712149      0.0025227
    -358.6445025125739789      0.0024445
    -357.4368151470767998     -0.0002973
    -356.2291277815795638     -0.0002670
    -355.0214404160823847      0.0011640
    -353.8137530505851487      0.0000218
    -352.6060656850214059     -0.0019679
    -351.3983783195241699     -0.0009238
    -350.1906909540269908     -0.0025271
    -348.9830035885297548      0.0065031
    -347.7753162230325188     -0.0054904
    -346.5676288575353965     -0.0053751
    -345.3599414919715969     -0.0059661
    -344.1522541264743609     -0.0016721
    -342.9445667609771249      0.0017206
    -341.7368793954800026     -0.0013228
    -340.5291920299827666     -0.0004425
    -339.3215046644855875      0.0014787
    -338.1138172989217310      0.0076197
    -336.9061299334246087      0.0018385
    -335.6984425679273727     -0.0020536
    -334.4907552024301935     -0.0066760
    -333.2830678369329576     -0.0025044
    -332.0753804714357216      0.0046044
    -330.8676931058719788     -0.0055239
    -329.6600057403747996     -0.0064896
    -328.4523183748775637     -0.0006559
    -327.2446310093803277      0.0008495
    -326.0369436438831485      0.0030437
    -324.8292562783194057     -0.0032348
    -323.6215689128221698      0.0051156
    -322.4138815473249338      0.0076923
    -321.2061941818277546      0.0039432
    -319.9985068163305186      0.0032683
    -318.7908194508333963     -0.0017825
    -317.5831320852695399     -0.0040686
    -316.3754447197723607     -0.0047506
    -315.1677573542751247      0.0009648
    -313.9600699887780024      0.0085104
    -312.7523826232807664      0.0016337
    -311.5446952577835305      0.0059386
    -310.3370078922197308     -0.0067418
    -309.1293205267226085      0.0010445
    -307.9216331612253725      0.0015204
    -306.7139457957281365      0.0029115
    -305.5062584302309574     -0.0031071
    -304.2985710647337214      0.0055963
    -303.0908836991699786      0.0047548
    -301.8831963336727426      0.0047092
    -300.6755089681755635      0.0025630
    -299.4678216026783275      0.0052819
    -298.2601342371811484      0.0017838
    -297.0524468716839124     -0.0025926
    -295.8447595061201696     -0.0002846
    -294.6370721406229336      0.0057704
    -293.4293847751257545     -0.0033060
    -292.2216974096285185     -0.0080288
    -291.0140100441313393      0.0000952
    -289.8063226786341602      0.0019035
    -288.5986353130703606     -0.0033333
    -287.3909479475731246     -0.0044767
    -286.1832605820759454      0.0019228
    -284.9755732165787663      0.0006894
    -283.7678858510815303     -0.0069834
    -282.5601984855843511     -0.0021038
    -281.3525111200205515     -0.0081812
    -280.1448237545233724      0.0021241
    -278.9371363890261364      0.0021435
    -277.7294490235289572      0.0006736
    -276.5217616580317213     -0.0031968
    -275.3140742925344853     -0.0084173
    -274.1063869269707425     -0.0011448
    -272.8986995614735633      0.0003914
    -271.6910121959763273      0.0049209
    -270.4833248304790914     -0.0017397
    -269.2756374649819122     -0.0007488
    -268.0679500994846762     -0.0020691
    -266.8602627339209334     -0.0014713
    -265.6525753684236975     -0.0005283
    -264.4448880029265183     -0.0027508
    -263.2372006374293392      0.0039742
    -262.0295132719986668     -0.0014220
    -260.8218259064349240      0.0069218
    -259.6141385409376880      0.0020951
    -258.4064511754405089      0.0019010
    -257.1987638099432729      0.0026465
    -255.9910764444460938      0.0068201
    -254.7833890789488862      0.0085134
    -253.5757017133850866      0.0031199
    -252.3680143478878790      0.0013289
    -251.1603269823906999     -0.0037918
    -249.9526396168934923     -0.0006037
    -248.7449522513962847      0.0046288
    -247.5372648858324851      0.0056472
    -246.3295775203353060      0.0052611
    -245.1218901548380984     -0.0027193
    -243.9142027893408908      0.0036601
    -242.7065154238436548     -0.0021246
    -241.4988280583464757     -0.0060038
    -240.2911406927827045     -0.0011095
    -239.0834533272854969     -0.0057059
    -237.8757659617882609     -0.0010334
    -236.6680785962910818     -0.0016805
    -235.4603912307938742      0.0012088
    -234.2527038652966667     -0.0005194
    -233.0450164997328955     -0.0045277
    -231.8373291342356879     -0.0060371
    -230.6296417687384803      0.0025000
    -229.4219544032412728      0.0012761
    -228.2142670377440936     -0.0076603
    -227.0065796722468576     -0.0066158
    -225.7988923066830864      0.0008312
    -224.5912049411858789     -0.0014387
    -223.3835175756886997      0.0000176
    -222.1758302101914637      0.0026800
    -220.9681428446942562     -0.0031510
    -219.7604554791970486     -0.0044205
    -218.5527681136333058      0.0085790
    -217.3450807481360698      0.0021573
    -216.1373933826388622      0.0008106
    -214.9297060171416547      0.0004317
    -213.7220186516444755     -0.0045440
    -212.5143312861472680      0.0060115
    -211.3066439205834683      0.0063862
    -210.0989565550862892      0.0069760
    -208.8912691895890816     -0.0040008
    -207.6835818240918741      0.0022653
    -206.4758944585946381      0.0001959
    -205.2682070930974305      0.0043286
    -204.0605197275336877     -0.0006414
    -202.8528323620364802      0.0007264
    -201.6451449965392442     -0.0009221
    -200.4374576310420650     -0.0021494
    -199.2297702655448575     -0.0066938
    -198.0220829000476499      0.0023576
    -196.8143955344838503     -0.0027455
    -195.6067081689866711      0.0018944
    -194.3990208034894636     -0.0019604
    -193.1913334379922560     -0.0053563
    -191.9836460724950484      0.0021888
    -190.7759587069978409     -0.0011909
    -189.5682713414340697     -0.0008736
    -188.3605839759368621     -0.0014548
    -187.1528966104396545     -0.0009109
    -185.9452092449424470     -0.0087246
    -184.7375218794452394      0.0034958
    -183.5298345139480318      0.0048637
    -182.3221471483842890     -0.0027857
    -181.1144597828870531     -0.0044362
    -179.9067724173898455      0.0030569
    -178.6990850518926379      0.0065833
    -177.4913976863954588     -0.0002875
    -176.2837103208982512      0.0016295
    -175.0760229553344516      0.0016051
    -173.8683355898372440      0.0004756
    -172.6606482243400649      0.0027400
    -171.4529608588428573      0.0029325
    -170.2452734933456213      0.0001474
    -169.0375861278484138     -0.0016500
    -167.8298987622846710     -0.0011008
    -166.6222113967874634     -0.0000319
    -165.4145240312902274     -0.0041145
    -164.2068366657930198     -0.0077605
    -162.9991493002958407     -0.0040349
    -161.7914619347986331      0.0001330
    -160.5837745692348335     -0.0060859
    -159.3760872037376259     -0.0082940
    -158.1683998382404468      0.0036983
    -156.9607124727432392     -0.0020295
    -155.7530251072460317      0.0023424
    -154.5453377417487957     -0.0034234
    -153.3376503761850529     -0.0059586
    -152.1299630106878453     -0.0010439
    -150.9222756451906378     -0.0031370
    -149.7145882796934302     -0.0072341
    -148.5069009141962226     -0.0001086
    -147.2992135486990151      0.0032784
    -146.0915261832018075     -0.0078367
    -144.8838388177046284     -0.0007545
    -143.6761514522073924      0.0030327
    -142.4684640867101848     -0.0016308
    -141.2607767211464136      0.0001173
    -140.0530893556492344      0.0032393
    -138.8454019901519985     -0.0071437
    -137.6377146246547909      0.0038421
    -136.4300272591575833      0.0049682
    -135.2223398936604042     -0.0023881
    -134.0146525280966046     -0.0036586
    -132.8069651625993970     -0.0036095
    -131.5992777971021894     -0.0019865
    -130.3915904316050103      0.0099210
    -129.1839030661077743      0.0138124
    -127.9762157006105809      0.0130174
    -126.7685283350468097      0.0181283
    -125.5608409695496022      0.0144988
    -124.3531536040523946      0.0118869
    -123.1454662385551870      0.0110357
    -121.9377788730579795      0.0114187
    -120.7300915075607719      0.0169632
    -119.5224041419970007      0.0168817
    -118.3147167764998073      0.0141992
    -117.1070294110025856      0.0156526
    -115.8993420455053922      0.0253532
    -114.6916546800081846      0.0252659
    -113.4839673145109771      0.0333015
    -112.2762799489471917      0.0243276
    -111.0685925834499983      0.0253995
    -109.8609052179527907      0.0230793
    -108.6532178524555832      0.0147132
    -107.4455304869583756      0.0162960
    -106.2378431214611680      0.0118669
    -105.0301557558973968      0.0201237
    -103.8224683904001893      0.0122450
    -102.6147810249029817      0.0088988
    -101.4070936594057741      0.0123139
    -100.1994062939085666      0.0125869
     -98.9917189284113732      0.0078662
     -97.7840315628475878      0.0048569
     -96.5763441973503802      0.0129317
     -95.3686568318531727      0.0078353
     -94.1609694663559793      0.0114583
     -92.9532821008587575      0.0067367
     -91.7455947353615642      0.0111994
     -90.5379073697977930      0.0142887
     -89.3302200043005854      0.0133885
     -88.1225326388033778      0.0148549
     -86.9148452733061703      0.0095425
     -85.7071579078089627      0.0140130
     -84.4994705423117551      0.0100655
     -83.2917831767479839      0.0157081
     -82.0840958112507764      0.0134352
     -80.8764084457535688      0.0100350
     -79.6687210802563612      0.0105684
     -78.4610337147591679      0.0122194
     -77.2533463492619461      0.0040796
     -76.0456589836981749      0.0133904
     -74.8379716182009673      0.0121374
     -73.6302842527037740      0.0190213
     -72.4225968872065522      0.0218543
     -71.2149095217093588      0.0199386
     -70.0072221562121371      0.0278813
     -68.7995347906483801      0.0251465
     -67.5918474251511583      0.0294435
     -66.3841600596539649      0.0423637
     -65.1764726941567574      0.0429948
     -63.9687853286595498      0.0439423
     -62.7610979631623422      0.0484092
     -61.5534105975985639      0.0558898
     -60.3457232321013635      0.0583080
     -59.1380358666041559      0.0726289
     -57.9303485011069483      0.0756859
     -56.7226611356097408      0.0940891
     -55.5149737701125403      0.1013079
     -54.3072864045487691      0.1176401
     -53.0995990390515615      0.1328603
     -51.8919116735543469      0.1462793
     -50.6842243080571393      0.1583170
     -49.4765369425599388      0.1796966
     -48.2688495770627313      0.1909805
     -47.0611622114989601      0.2117908
     -45.8534748460017525      0.2361179
     -44.6457874805045520      0.2584338
     -43.4381001150073445      0.2819299
     -42.2304127495101369      0.3075346
     -41.0227253840129293      0.3259317
     -39.8150380184491581      0.3386151
     -38.6073506529519506      0.3554788
     -37.3996632874547430      0.3765378
     -36.1919759219575354      0.3846814
     -34.9842885564603279      0.4160156
     -33.7766011909631274      0.4339225
     -32.5689138254659198      0.4554549
     -31.3612264599687123      0.4873338
     -30.1535390944715083      0.5247298
     -28.9458517289743007      0.5583199
     -27.7381643634105259      0.6118774
     -26.5304769979133184      0.6735569
     -25.3227896324161144      0.7674885
     -24.1151022669189068      0.8906033
     -22.9074149014216992      1.0656743
     -21.6997275359244952      1.2587628
     -20.4920401703607205      1.3892983
     -19.2843528048635164      1.4819052
     -18.0766654393663089      1.6035779
     -16.8689780738691049      1.7785540
     -15.6612907083718973      1.9608017
     -14.4536033428746897      2.1169810
     -13.2459159773109167      2.2738702
     -12.0382286118137110      2.4897797
     -10.8305412463165052      2.8033328
      -9.6228538808192994      3.2996681
      -8.4151665153220936      3.9972677
      -7.2074791498248869      4.8029184
      -5.9997917842611130      5.8253284
      -4.7921044187639072      7.6514521
      -3.5844170532667010     10.8000507
      -2.3767296877694943     14.1218681
      -1.1690423222722881     15.5263462
       0.0386450432582016     13.9486294
       1.2463324087554080     11.5192556
       2.4540197742858978     10.1291599
       3.6617071397831036      9.6571217
       4.8693945052803098     10.2233009
       6.0770818708108001     10.4655876
       7.2847692363080059      7.2729435
       8.4924566018052126      4.0028334
       9.7001439673357019      2.4810257
      10.9078313328329077      1.7406335
      12.1155186983301135      1.2831044
      13.3232060638606029      0.9647470
      14.5308934293578105      0.7502248
      15.7385807948550180      0.5849681
      16.9462681603855039      0.4553953
      18.1539555258827114      0.3724027
      19.3616428913799190      0.2949995
      20.5693302569104084      0.2368150
      21.7770176224076124      0.1924845
      22.9847049879048200      0.1492452
      24.1923923534353129      0.1184970
      25.4000797189325169      0.0987676
      26.6077670844297245      0.0818534
      27.8154544499602139      0.0621433
      29.0231418154574214      0.0441963
      30.2308291809546255      0.0397152
      31.4385165464851148      0.0321867
      32.6462039119823189      0.0195403
      33.8538912774795264      0.0146909
      35.0615786430100229      0.0169960
      36.2692660085072234      0.0181605
      37.4769533740044309      0.0190603
      38.6846407395349203      0.0122289
      39.8923281050321208      0.0126051
      41.1000154705293284      0.0094515
      42.3077028360598177     -0.0003959
      43.5153902015570253     -0.0016943
      44.7230775670542329     -0.0003049
      45.9307649325847223      0.0045749
      47.1384522980819298      0.0023556
      48.3461396635791374     -0.0032236
      49.5538270291096268      0.0119327
      50.7615143946068343      0.0017015
      51.9692017601040348      0.0022407
      53.1768891256345313     -0.0051907
      54.3845764911317389     -0.0012563
      55.5922638566289393     -0.0018121
      56.7999512221594358      0.0021696
      58.0076385876566363     -0.0037296
      59.2153259531538438     -0.0063490
      60.4230133186843332      0.0027362
      61.6307006841815408      0.0015985
      62.8383880496787484      0.0003506
      64.0460754152092306      0.0042507
      65.2537627807064382     -0.0041087
      66.4614501462036458     -0.0150872
      67.6691375117341352      0.0007006
      68.8768248772313427     -0.0053644
      70.0845122427285503      0.0015080
      71.2921996082590397     -0.0011780
      72.4998869737562472     -0.0007652
      73.7075743392534548     -0.0065842
      74.9152617047839442     -0.0058260
      76.1229490702811518      0.0025998
      77.3306364357783593     -0.0025001
      78.5383238013088345     -0.0012334
      79.7460111667727602      0.0078068
      80.9536985322699820      0.0094350
      82.1613858977671754      0.0050349
      83.3690732632976790      0.0027596
      84.5767606287948723      0.0049130
      85.7844479942920941     -0.0013076
      86.9921353598225693      0.0068499
      88.1998227253197769      0.0049017
      89.4075100908169844      0.0012602
      90.6151974563474738      0.0126433
      91.8228848218446814      0.0062352
      93.0305721873418747      0.0002403
      94.2382595528723783     -0.0016197
      95.4459469183695717     -0.0007927
      96.6536342838667935     -0.0016765
      97.8613216493972686      0.0101354
      99.0690090148944904      0.0008589
     100.2766963803916838     -0.0026355
     101.4843837459221874     -0.0010788
     102.6920711114193807      0.0025614
     103.8997584769166025     -0.0002196
     105.1074458424470777     -0.0022786
     106.3151332079442994      0.0001203
     107.5228205734414928     -0.0046782
     108.7305079389719964     -0.0018855
     109.9381953044691898     -0.0003615
     111.1458826699663973      0.0022866
     112.3535700354968867      0.0051494
     113.5612574009940943      0.0094492
     114.7689447664913018      0.0009646
     115.9766321320217770     -0.0014028
     117.1843194975189988      0.0080685
     118.3920068630161921      0.0097189
     119.5996942285466957      0.0066437
     120.8073815940438891     -0.0051016
     122.0150689595411109      0.0021764
     123.2227563250715860     -0.0011971
     124.4304436905688078      0.0086006
     125.6381310560660012     -0.0003992
     126.8458184215965048     -0.0027137
     128.0535057870937123      0.0015417
     129.2611931525908915      0.0064635
     130.4688805181214093      0.0018639
     131.6765678836186169      0.0069651
     132.8842552491158244      0.0018619
     134.0919426146463138      0.0038592
     135.2996299801435214      0.0043707
     136.5073173456407005      0.0010832
     137.7150047111712183      0.0037156
     138.9226920766683975     -0.0000368
     140.1303794421656050     -0.0023246
     141.3380668076960944      0.0057527
     142.5457541731933020      0.0047193
     143.7534415386905380     -0.0021904
     144.9611289042209989     -0.0040593
     146.1688162697182349     -0.0012790
     147.3765036352154141     -0.0003849
     148.5841910007459319      0.0058190
     149.7918783662431110      0.0074994
     150.9995657317403186      0.0025757
     152.2072530972708080      0.0047308
     153.4149404627680155      0.0012480
     154.6226278282652231     -0.0019293
     155.8303151937957125     -0.0006489
     157.0380025592929201      0.0023713
     158.2456899247901276     -0.0022155
     159.4533772903206170     -0.0029382
     160.6610646558178246      0.0049177
     161.8687520213150322      0.0015221
     163.0764393868455215     -0.0005736
     164.2841267523427291     -0.0050712
     165.4918141178399367     -0.0058496
     166.6995014833704261     -0.0045216
     167.9071888488676336      0.0004595
     169.1148762143648412      0.0091620
     170.3225635798953306     -0.0003674
     171.5302509453925381     -0.0007136
     172.7379383108897173     -0.0047303
     173.9456256764202351      0.0007334
     175.1533130419174142     -0.0028071
     176.3610004074146218      0.0026851
     177.5686877729451112      0.0016814
     178.7763751384423188      0.0028371
     179.9840625039395547     -0.0049441
     181.1917498694700157     -0.0089261
     182.3994372349672517     -0.0039727
     183.6071246004644593     -0.0004643
     184.8148119659949487      0.0007949
     186.0224993314921562      0.0062296
     187.2301866969893354      0.0043568
     188.4378740625198532     -0.0010206
     189.6455614280170323     -0.0058688
     190.8532487935475501     -0.0057788
     192.0609361590447293     -0.0111627
     193.2686235245419368     -0.0081089
     194.4763108900058626     -0.0017525
     195.6839982555030701     -0.0024038
     196.8916856210335595      0.0015976
     198.0993729865307671     -0.0026466
     199.3070603520279747     -0.0018636
     200.5147477175584640      0.0012499
     201.7224350830556716     -0.0034931
     202.9301224485528792     -0.0077603
     204.1378098140833686     -0.0045830
     205.3454971795805477     -0.0047364
     206.5531845450777837     -0.0054272
     207.7608719106082447     -0.0006263
     208.9685592761054806     -0.0001253
     210.1762466416026882     -0.0047373
     211.3839340071331776     -0.0030738
     212.5916213726303852     -0.0041711
     213.7993087381275927      0.0049129
     215.0069961036580821      0.0035559
     216.2146834691552897      0.0022878
     217.4223708346524688     -0.0060013
     218.6300582001829866     -0.0032120
     219.8377455656801658      0.0011313
     221.0454329311773733      0.0018382
     222.2531202967078627     -0.0048399
     223.4608076622050703     -0.0018706
     224.6684950277023063      0.0021914
     225.8761823932327673      0.0048321
     227.0838697587300032     -0.0021545
     228.2915571242272108     -0.0007579
     229.4992444897577002     -0.0082251
     230.7069318552549078     -0.0053553
     231.9146192207520869     -0.0031293
     233.1223065862825763      0.0010414
     234.3299939517797839      0.0016439
     235.5376813172769914     -0.0084386
     236.7453686828074808     -0.0035866
     237.9530560483046884     -0.0024659
     239.1607434138018959     -0.0037610
     240.3684307793323853     -0.0076462
     241.5761181448295929     -0.0043529
     242.7838055103268005     -0.0089605
     243.9914928758572898     -0.0079241
     245.1991802413544974     -0.0010035
     246.4068676068517050     -0.0088816
     247.6145549723821944     -0.0029055
     248.8222423378794019      0.0027152
     250.0299297033766095     -0.0020249
     251.2376170689070989     -0.0036738
     252.4453044344043064     -0.0053220
     253.6529917999015140     -0.0064776
     254.8606791654320034     -0.0046057
     256.0683665309292110      0.0017675
     257.2760538964263901     -0.0089004
     258.4837412619568795     -0.0035836
     259.6914286274541155     -0.0081577
     260.8991159929513515      0.0005614
     262.1068033584817840      0.0000082
     263.3144907239790200      0.0009319
     264.5221780894761991      0.0040924
     265.7298654550066885     -0.0001980
     266.9375528205038677      0.0009979
     268.1452401860344139      0.0034383
     269.3529275515315931      0.0044253
     270.5606149170288290      0.0051931
     271.7683022825592616      0.0031417
     272.9759896480564976      0.0016903
     274.1836770135537336     -0.0050563
     275.3913643790842229      0.0016011
     276.5990517445814589      0.0033997
     277.8067391100785812      0.0055171
     279.0144264756091275      0.0076286
     280.2221138411063066     -0.0009492
     281.4298012066035426     -0.0001272
     282.6374885721339751     -0.0019663
     283.8451759376312111     -0.0061760
     285.0528633031283903     -0.0036085
     286.2605506686589365      0.0036739
     287.4682380341561156     -0.0019947
     288.6759253996532948      0.0037428
     289.8836127651837842     -0.0007782
     291.0913001306810202     -0.0026288
     292.2989874961782562     -0.0033189
     293.5066748617086887      0.0063571
     294.7143622272059247     -0.0053901
     295.9220495927031038     -0.0051096
     297.1297369582336501     -0.0070068
     298.3374243237308292      0.0041165
     299.5451116892280652      0.0044582
     300.7527990547584977     -0.0041119
     301.9604864202557337     -0.0043467
     303.1681737857529129      0.0034127
     304.3758611512834591      0.0027296
     305.5835485167805814      0.0011931
     306.7912358822778174     -0.0000924
     307.9989232477417431     -0.0005643
     309.2066106132389223     -0.0018994
     310.4142979787694685     -0.0066844
     311.6219853442666476     -0.0030504
     312.8296727097638836     -0.0034429
     314.0373600752943162      0.0064013
     315.2450474407915522      0.0041159
     316.4527348062887881      0.0043995
     317.6604221718192775      0.0069083
     318.8681095373165135     -0.0108518
     320.0757969028136358     -0.0067776
     321.2834842683441821     -0.0046968
     322.4911716338413612      0.0020368
     323.6988589993385972      0.0003508
     324.9065463648690297      0.0003433
     326.1142337303662657     -0.0002878
     327.3219210958634449      0.0067786
     328.5296084613939911      0.0007166
     329.7372958268911702      0.0002234
     330.9449831923883494     -0.0066589
     332.1526705579188388     -0.0062668
     333.3603579234160748     -0.0023576
     334.5680452889133107      0.0052919
     335.7757326544437433      0.0033471
     336.9834200199409793      0.0052622
     338.1911073854381584      0.0015643
     339.3987947509687046      0.0011544
     340.6064821164658838      0.0083518
     341.8141694819631198      0.0007823
     343.0218568474935523     -0.0060693
     344.2295442129907883      0.0024747
     345.4372315785212777     -0.0002427
     346.6449189440185137      0.0016878
     347.8526063095156360      0.0029291
     349.0602936750461822      0.0077252
     350.2679810405433614      0.0041082
     351.4756684060405973      0.0048372
     352.6833557715710299     -0.0007272
     353.8910431370682659     -0.0020834
     355.0987305025655019     -0.0009475
     356.3064178680959913      0.0043386
     357.5141052335932272     -0.0015291
     358.7217925990903495      0.0009516
     359.9294799646208958      0.0047082
     361.1371673301180749      0.0040643
     362.3448546956153109     -0.0011158
     363.5525420611457434      0.0031572
     364.7602294266429794      0.0024877
     365.9679167921401586      0.0010302
     367.1756041576707048      0.0074288
     368.3832915231678840      0.0015632
     369.5909788886651199      0.0040909
     370.7986662541955525     -0.0011870
     372.0063536196927885     -0.0063798
     373.2140409851900245      0.0025959
     374.4217283507204570      0.0041627
     375.6294157162176930      0.0083820
     376.8371030817148721     -0.0001753
     378.0447904472454184     -0.0054976
     379.2524778127425975     -0.0031833
     380.4601651782398335     -0.0062899
     381.6678525437702660      0.0043624
     382.8755399092675020      0.0051396
     384.0832272747646812     -0.0077660
     385.2909146402952274     -0.0068854
     386.4986020057923497     -0.0095721
     387.7062893712895857     -0.0049903
     388.9139767368200751     -0.0073521
     390.1216641023173111     -0.0017955
     391.3293514678145470      0.0140334
     392.5370388333449796      0.0081370
     393.7447261988422156      0.0132366
     394.9524135643393947      0.0074344
     396.1601009298699410      0.0040988
     397.3677882953671201     -0.0058065
     398.5754756608642992      0.0036721
     399.7831630263947886      0.0031322
     400.9908503918920246      0.0056589
     402.1985377573892038     -0.0007852
     403.4062251229196931      0.0051237
     404.6139124884168723      0.0032616
     405.8215998539141083     -0.0012567
     407.0292872194445977     -0.0012286
     408.2369745849418337      0.0008397
     409.4446619504390128      0.0191155
     410.6523493159695022      0.0079385
     411.8600366814667382      0.0069477
     413.0677240469639173     -0.0020385
     414.2754114124944067     -0.0133167
     415.4830987779915858     -0.0098849
     416.6907861434888218     -0.0067299
     417.8984735090193112     -0.0045976
     419.1061608745165472     -0.0010023
     420.3138482400137264     -0.0014313
     421.5215356055442157     -0.0041516
     422.7292229710081415     -0.0041060
     423.9369103365053206      0.0019774
     425.1445977020025566      0.0035575
     426.3522850675330460     -0.0033793
     427.5599724330302820      0.0084189
     428.7676597985274043      0.0049408
     429.9753471640579505      0.0021638
     431.1830345295551297      0.0033685
     432.3907218950523657      0.0015208
     433.5984092605827982      0.0049506
     434.8060966260800342     -0.0032840
     436.0137839915772702     -0.0005777
     437.2214713571077596      0.0014996
     438.4291587226049955      0.0000789
     439.6368460881021178      0.0070131
     440.8445334536326641     -0.0006236
     442.0522208191298432      0.0017700
     443.2599081846270792      0.0039330
     444.4675955501575118      0.0052952
     445.6752829156547477      0.0055759
     446.8829702811519269      0.0048113
     448.0906576466824731     -0.0018820
     449.2983450121796523     -0.0031265
     450.5060323776768882      0.0016027
     451.7137197432073208      0.0053279
     452.9214071087045568      0.0024719
     454.1290944742017928      0.0013270
     455.3367818397322822     -0.0042214
     456.5444692052294613     -0.0013122
     457.7521565707266404     -0.0043335
     458.9598439362571867      0.0005001
     460.1675313017543658     -0.0014526
     461.3752186672516018     -0.0022657
     462.5829060327820343     -0.0059410
     463.7905933982792703     -0.0021821
     464.9982807637764495     -0.0070716
     466.2059681293069957     -0.0079054
     467.4136554948041180     -0.0085857
     468.6213428603013540      0.0023529
     469.8290302258318434     -0.0045770
     471.0367175913290794     -0.0053887
     472.2444049568263154     -0.0047922
     473.4520923223567479      0.0032106
     474.6597796878539839     -0.0018612
     475.8674670533511630     -0.0056139
     477.0751544188817093     -0.0128307
     478.2828417843788884     -0.0046452
     479.4905291498760675     -0.0111879
     480.6982165154065569     -0.0094258
     481.9059038809037929     -0.0060419
     483.1135912464009721     -0.0049415
     484.3212786119314615     -0.0040310
     485.5289659774286406     -0.0112405
     486.7366533429258766     -0.0138281
     487.9443407084563660     -0.0139753
     489.1520280739536020     -0.0181722
